4.8223819333e-05 0.00283347270798 1.95484425785e-24 1.85926828301e-05 0.00074195395162 0.0605685680718 1.20716754569e-09 1.40820050086e-11 1.03189861772e-09 1.42344579431e-05 0.506962031086 2.1988806509e-09 0.274102859124 0.000801854362578 6.10529214459e-10 0.0212087877003 0.00365836919968 4.39630032911e-08 0.116539645204 0.0125013586071 
1.53673563828e-21 4.11618667989e-09 0.000107152981736 4.43866130866e-12 2.58577405451e-08 2.25081256837e-06 7.41849848972e-07 0.00665415185561 0.179907966243 0.00746095043526 0.0921602369913 0.698146421859 5.08887787931e-06 0.0113559455638 1.46633192724e-05 4.71360578267e-14 5.71893822599e-10 0.00418394245184 6.47668864066e-08 3.91441636482e-07 
1.46483624966e-05 2.08544709612e-05 3.04159836274e-07 0.555274239845 7.73610077205e-09 0.00873072322671 0.000332500825891 4.92050849601e-05 0.0015816033998 4.65371174838e-25 0.0210137507591 0.406417324641 2.94495437125e-06 8.11494914502e-13 2.07528911898e-12 6.42372555741e-08 0.000422463416429 0.00177833473375 0.00436103014373 1.92605442398e-15 
2.53329881818e-07 0.0019857151213 1.31175180442e-13 4.45167832306e-05 0.0504833514041 9.30153267486e-10 1.3038616356e-05 0.0447581018708 0.598378324062 1.21753481017e-06 1.58172004618e-05 4.20427300473e-12 3.84384510535e-12 7.49568832782e-15 5.80933346118e-09 3.05141017735e-05 1.45635596603e-05 0.0198583985446 0.284374004045 4.21770780013e-05 
4.98650736263e-06 0.0190108152257 0.225980478162 0.00343875579704 0.000145316496603 1.75709769527e-24 0.579604655552 1.55139389827e-06 1.57918202231e-05 0.159686526149 3.06662437156e-05 6.19777708328e-06 2.96830828826e-05 1.18350281419e-32 8.37856237729e-05 6.85588760446e-09 0.0118782983384 7.79145912026e-07 8.12076956746e-05 4.98133122565e-07 
0.00212827171343 0.00152168675683 1.9012187654e-05 0.00118605973479 0.564715354006 3.16095482012e-09 3.02007779277e-26 0.0358265846292 0.0720966189569 6.59228153825e-12 7.53170650155e-08 1.25128653688e-11 8.60846209928e-06 0.322358827976 2.52299080919e-11 0.000103265133644 8.28994185318e-23 3.47131887755e-13 2.05684712674e-13 3.56319206222e-05 
0.495606301988 5.39243511458e-13 0.0267844995682 1.20676615741e-09 8.91828877831e-05 8.80707125509e-09 0.107246835935 1.27664910733e-19 0.0667429000981 5.13493824741e-07 0.00450090672663 0.000357141597699 0.00952000186271 3.30498180435e-05 2.13584876832e-05 0.00496102986958 2.13040711685e-11 0.00824071912031 0.00214536445205 0.273750184059 
0.312038565161 0.0781182301786 4.89384957322e-12 0.00816065149326 1.58344017492e-11 0.045721902335 0.00024280084727 0.170015749188 2.96998794507e-06 0.300764181449 0.00286921612381 3.5753872137e-11 2.75103570239e-08 0.000239473801813 0.0797578450304 6.39161272327e-17 0.002067581311 7.12075529736e-14 3.249579297e-12 8.05522594981e-07 
8.54728899153e-13 0.000289592408487 1.74313373881e-05 4.3975004689e-05 1.38088733523e-07 6.47543033567e-25 0.0111880894804 0.00158750545808 0.102587118534 0.00284481023468 7.65871102372e-07 2.62551707671e-10 7.86305512282e-09 0.800828873688 4.2641168056e-12 9.26814629941e-20 2.61957907875e-61 0.0754149936809 0.00519666899192 2.90908132376e-08 
0.00123973261449 0.417042032007 0.229564228055 0.0246514700505 5.51212272974e-07 1.00935312365e-18 0.111019020098 0.000127892441804 1.27387561858e-11 6.28768717228e-12 3.65277798975e-15 1.93452880939e-10 3.57777851864e-26 6.04550828383e-10 0.00145045506128 2.15305914478e-09 1.43373288373e-06 4.47251165852e-12 0.214903181744 7.92646649845e-12 
1.48711607559e-16 0.0786182342903 0.0179444362784 2.42523499804e-11 1.98878914093e-19 0.00568058938211 6.99512962915e-15 1.49016430631e-05 3.44254325114e-06 0.00227074015621 1.30584654797e-05 0.000200249766113 0.013622658305 2.35573131761e-06 8.78845962583e-09 0.881628214878 1.19432718777e-11 1.10973632673e-06 7.72561760066e-19 8.40649696429e-19 
0.0476648052423 0.012826129054 4.00159069543e-05 0.000849137909174 4.69717990056e-20 6.55756584419e-08 1.37634853735e-06 8.8972660812e-20 8.01003622545e-08 0.00257503681717 0.00938235733977 2.28628004741e-06 4.3159028299e-12 7.75464721998e-06 1.58106282045e-08 0.18289916475 0.164460948052 0.0623986655351 0.515980134654 0.000912025973868 
6.44938391679e-06 0.000105207093325 0.0284445898896 0.95655001234 0.000110050407157 0.0142446621014 1.02056049534e-10 3.86765698232e-06 1.06767391481e-11 6.14240668136e-18 2.36177042107e-09 2.52600725886e-21 7.18928460392e-05 1.2852415125e-06 4.0009861652e-08 1.97345106929e-08 6.40900725985e-17 6.15085380001e-28 2.09322210518e-05 0.000440988599983 
4.87645021297e-05 6.88582423626e-05 0.0113895061841 1.75071783767e-07 7.79360859354e-13 1.56557876625e-06 9.45030732429e-07 5.49933570537e-27 3.7562821057e-06 0.658058774381 0.000486956626744 0.0197962993531 9.42964896959e-09 3.65273673642e-06 4.44860440772e-19 3.08302238674e-06 0.00127502182125 0.0550110383106 2.72151030354e-06 0.253848871915 
0.00240915600319 2.8427492265e-05 1.11308742551e-05 0.000171554810201 0.0145330269103 9.02097389606e-22 0.0232322214245 0.483210321509 7.83636691541e-09 4.40722134346e-06 0.0239714730852 0.000123882306685 4.60196529008e-11 0.000181999603041 0.000444968681391 0.35469415085 1.06966131412e-08 2.61855789515e-21 0.0969761486663 7.11198303342e-06 
2.23556107487e-18 0.00325779413018 4.08461262877e-09 1.05476177077e-15 0.000161678403681 0.0241100086902 1.53449998355e-09 6.86936575133e-05 1.60967128974e-18 1.28124969204e-32 1.56118044637e-17 0.168720960736 0.405282302894 1.38704379267e-06 1.35719452226e-05 3.91033638196e-29 7.02618637019e-05 0.030592754871 0.00459909558945 0.363121484556 
0.0250060174255 2.52623602198e-14 0.0868906170478 5.91189906832e-05 0.0113660670491 2.53904453998e-14 0.00764630534551 1.14323734659e-10 2.19483414951e-18 2.82268887726e-12 1.63620533068e-08 2.72758121196e-09 0.0522162649702 0.000623906956044 3.28504816011e-06 0.0712676574193 0.134749099609 2.96601684032e-18 0.0830359362321 0.5271357047 
1.13883503512e-08 0.0427516793151 0.0547351627882 1.04653254043e-07 3.96692252248e-11 3.06621317579e-12 0.00534281987293 4.18514560298e-35 0.815921435967 2.19719843291e-05 1.8821457583e-13 5.52901324809e-11 2.85453154164e-11 0.00117048408887 1.94142570843e-09 1.06196850868e-09 6.73754897243e-09 0.0138066510585 0.0567698407671 0.00947982824868 
0.0048057269105 0.00269902102073 0.000760638257116 2.15054448823e-06 0.212672582778 7.4789170583e-05 0.30596006339 0.0530183230469 0.0618682028727 0.000352469325565 2.20718800466e-07 0.356481722514 6.20922509929e-14 3.33003497823e-13 2.5867308816e-14 8.86154519748e-05 2.17565468752e-12 1.84076060375e-07 0.000927506915169 0.000287783004286 
1.11564624605e-07 0.123957143569 0.0960340308353 1.81435084474e-34 0.0168947780482 0.000567161787683 2.0678935127e-11 6.33249222828e-06 0.0156784718215 0.269340734309 0.0206129417673 5.07877040269e-14 0.234027870284 1.85912080262e-11 0.00200253468473 1.25097466416e-05 0.0014023224781 5.53387591538e-12 0.216547187074 0.00291586949165 
3.1135837931e-14 6.85627795306e-06 0.00764207801629 3.69225477295e-06 0.00985791898212 1.80943384051e-08 0.0192983989106 0.000736176665449 3.79929305065e-08 0.0410965113404 0.304431736077 0.000899404203006 0.000454996379867 7.4272503694e-17 0.12495501792 0.00737038368364 2.21231456583e-09 6.52036874212e-08 9.88223767824e-07 0.483245717562 
0.00107796484345 0.00981133374278 0.0753685549803 2.90362871603e-06 3.74107879158e-09 0.175334323098 8.62575622964e-13 1.01887505295e-25 3.34606553789e-10 0.359456192073 0.0299202636503 0.00354355734836 1.49030656872e-11 4.28103103623e-08 2.25787972783e-14 2.02353257008e-09 0.123802513171 0.0318497884302 0.183341036609 0.00649151949901 
0.223593237788 0.00367143425415 1.21491243717e-17 0.0805957259536 0.00212759862337 0.00141142624668 4.78235181702e-16 1.26238770716e-08 2.75420560589e-07 0.0748276272124 0.0554413644375 1.36647299947e-20 6.63721973907e-13 0.00649191770967 1.07421744446e-11 7.59279836894e-20 0.000891137138151 0.539587252898 1.98457857036e-11 0.011360989663 
0.271536195565 0.00120069807557 3.74314756479e-12 0.331308747753 0.00198433543582 0.279072610884 0.00143776163763 0.0142024980133 0.0983897203352 2.53174639921e-08 4.12141046882e-11 7.24216664313e-10 0.000863422928943 1.93319188635e-10 1.42607848182e-07 2.72613840181e-06 9.56987157244e-07 3.71948387955e-08 1.20163766257e-07 6.37750464004e-15 
0.000138629900478 4.28454338918e-05 1.03285425748e-31 7.75816534932e-06 7.16039305036e-17 4.17977138887e-05 6.29937732622e-08 0.754244985218 1.88595925528e-08 8.45996613263e-07 1.51686204118e-06 9.48284165231e-10 0.223351874155 5.68924987241e-19 0.000224572448726 2.19211100329e-07 0.000402786110154 0.0159482978907 8.81606993373e-17 0.00559378809199 
6.06186011503e-06 2.63608952723e-08 0.00339474673542 1.28441129379e-14 0.279083190628 0.00226502161547 1.01748082766e-05 0.00257745854833 1.46817158212e-08 6.73476279652e-22 1.72909232485e-27 6.60654530925e-06 7.81220169296e-09 0.265612608539 7.86071362331e-09 0.00310447893901 1.80545329781e-05 0.32726411335 0.00820031590824 0.108457111274 
0.198662193749 0.00076070514637 2.98981244279e-21 8.66193841078e-07 0.00303970846518 0.00334446190879 0.00153457010332 0.00173952136956 0.00311784676196 9.6454261927e-05 1.64968915057e-06 0.594257825226 4.09779698644e-07 0.00042537935859 3.20191056327e-06 6.46129549608e-07 0.0206420968677 0.139615808462 0.032756654617 1.69435700131e-17 
0.27113329141 0.240682129405 0.0174735074161 2.58147894977e-06 8.98419122053e-05 0.198692831423 0.00039004403338 2.28255843028e-07 8.93972887286e-26 0.000698560353647 0.270198323598 0.000105581221458 2.16799165036e-05 1.00222915474e-09 0.000374275174036 9.53217091309e-06 2.71738317893e-05 5.97712934903e-05 4.2304977378e-06 3.64156059998e-05 
3.21071728164e-05 2.11652030006e-28 1.22190568719e-13 3.31213790884e-06 2.68272005781e-06 1.52966071095e-09 2.91198754986e-06 1.54616985889e-06 2.32063550321e-06 1.58919685869e-22 1.64143151039e-09 5.73129263874e-40 2.00820663144e-09 1.46943151313e-14 1.58940465419e-11 0.00737411318907 2.53584536009e-05 0.52718542135 0.180975917719 0.284394303269 
0.00356980917195 4.30623377389e-15 5.90656490777e-14 1.36207002482e-05 2.17758781407e-07 7.67874043453e-16 2.0612988763e-25 7.28942640542e-11 0.0161482736292 0.00400373796139 2.44194414287e-14 0.728194450579 0.0239437270226 0.115273639171 1.93687995852e-05 9.36682713316e-23 0.0303816285564 7.28069962742e-07 0.00175860838887 0.0766921901172 
0.0817771029518 3.94228037099e-08 7.12386999222e-07 0.00199942251059 5.3497027202e-37 2.46925314981e-06 1.03513618477e-06 2.3443986678e-12 4.65931487363e-07 2.29861412585e-09 0.0206941452316 0.00601681655934 3.24707420634e-07 6.89695482978e-05 0.000169003001936 0.00364029001359 0.176724815145 0.0233304579401 0.68557392792 3.86477608176e-11 
6.92770934612e-10 0.00933062806041 0.467959870486 0.4387240093 6.54256283524e-08 2.4380239842e-06 1.59606938005e-07 1.70600931605e-09 2.85115357745e-09 0.0120029626843 2.42984859604e-05 6.22302246317e-20 1.86428895363e-05 0.0388965118103 0.000204190943097 2.15453547352e-23 2.43938310923e-19 7.70791242923e-12 1.42759987399e-10 0.0328362168826 
4.9934944671e-09 4.93472163973e-10 1.2825203793e-18 0.000618274980268 4.96591800472e-05 7.10852300531e-05 0.000892981554389 2.03288827996e-21 0.287728423339 2.87750380553e-07 0.0217327355811 0.0254208452169 0.491423363517 0.000242167665229 7.08203712334e-19 0.0140219449967 0.0212702336141 0.00111390205049 0.0120104449492 0.123403644888 
1.99416998791e-08 0.00474047730868 2.41998798266e-07 0.000232104191801 0.00936035652495 0.00189332918079 0.00293508067564 5.29811569052e-07 0.0160240280133 0.176956484989 4.06972851834e-41 1.02371559214e-13 1.11331688862e-05 6.51884183159e-19 7.64857774085e-05 0.767365450836 4.28775067471e-20 1.03475329214e-09 9.98171481712e-14 0.0204042765474 
0.287729602411 1.65534425372e-21 1.76166619349e-11 4.54768765064e-06 0.00118620467532 0.000436323502446 0.0887784894525 4.79519256606e-14 3.24713137717e-10 6.70431860788e-05 0.0216502656965 0.00503957030781 0.00262410376165 0.197415088694 3.27966261401e-17 8.96475420578e-15 6.31937304028e-05 1.17505192602e-07 0.211538040009 0.183467409037 
2.73717009364e-11 4.41465087453e-08 0.0133241430907 7.58089273642e-18 6.75453065668e-06 0.000407581145126 0.000567710771201 0.0036199436985 3.34814257865e-10 0.79901274771 3.84146762995e-10 0.0225691098455 0.000109718235976 1.84498933365e-11 8.54940967682e-05 2.89410956935e-09 0.122766166023 5.03160434039e-12 0.0375090418954 2.15411471064e-05 
2.94949037605e-16 0.000607696557664 0.0810896909634 1.01189285703e-17 1.388851918e-09 0.0266598631603 8.85693813683e-08 0.000102533450442 0.0255087588006 0.00876904620869 4.86170508339e-09 0.344201634647 0.00102634584091 1.07246616735e-11 5.68902412846e-10 0.405673861996 0.106360468606 1.6630019519e-11 4.35203929128e-09 5.49161599361e-20 
4.83928687863e-10 2.13643278564e-17 0.00315847160949 1.90555891577e-05 0.186881256881 1.0212571578e-05 1.77922716131e-11 0.00192113398593 0.00352372289759 0.000215869435704 1.56626566663e-10 0.0203051942202 2.3786789172e-06 8.01889669806e-09 0.00487645109032 0.00306743280749 0.000306098563702 1.3117901782e-08 0.775712699874 3.658091663e-14 
0.041659477001 0.0198211504269 0.742999605993 0.000171509414321 9.10425269209e-07 1.56707000893e-05 0.0036769274131 1.23910946501e-11 6.38075842577e-10 2.85965979275e-09 0.130755011698 1.81414243124e-17 1.20011771047e-07 0.0216166157224 0.030907339755 0.00103685988836 1.49608046487e-05 4.31472616777e-07 1.64152385525e-11 0.00732340574762 
0.0108966906194 1.39864404524e-13 0.0497284432285 0.00349931788854 0.00346075393889 3.93818449993e-07 0.385248619221 5.62352191545e-07 2.49209869767e-13 2.3620367636e-07 3.74792857836e-10 0.135164396799 1.47169911836e-08 0.409522581505 5.18678642071e-06 2.28660331338e-17 2.04852693303e-30 5.02950377156e-06 6.22736486012e-10 0.00246777241998 
0.000481296628072 3.86747422886e-09 3.45044161942e-08 2.35981598693e-06 0.277749254396 3.05131409847e-10 3.38143891491e-06 0.000765360250779 5.35486126618e-08 0.0919285405116 0.157998450185 4.98609768101e-06 9.10003411027e-09 9.89971126153e-09 0.0144252482262 5.64775860095e-14 2.91922526437e-22 0.456633191216 1.45630520465e-18 7.82000840572e-06 
0.150916174394 3.40453330081e-20 2.05284416387e-15 9.56660243688e-24 3.92792993084e-28 0.000180158430818 2.56204941561e-16 1.23697812286e-12 5.84858490182e-09 0.00483800446243 0.00183442988971 2.70101803078e-13 1.13314188749e-10 2.72799522358e-29 2.15664675308e-05 0.382318909995 4.41150466099e-06 9.97077637207e-05 0.444720171173 0.0150664599558 
0.00892073313515 0.424007851446 1.05813169683e-10 3.43834391484e-10 0.00175123668593 0.4884555469 3.08412159705e-07 5.11407055262e-06 1.02700944416e-10 1.67643439954e-14 0.00029689015734 6.32343044092e-09 0.0423297633331 0.000968816209849 5.13903695791e-08 0.000678290604753 1.16624510318e-10 1.28852454948e-12 0.0325523500191 3.30406427017e-05 
1.61601232302e-12 0.0501292939199 0.56725184036 4.23644165055e-11 3.68290086593e-07 4.59683788693e-14 0.000625934182531 2.64686166286e-14 8.57899652199e-15 3.86640343225e-12 7.87356505258e-07 2.39052957621e-05 6.91366252374e-05 0.000314121451199 0.0209561349484 1.63352464168e-08 0.0367575281331 3.24891078315e-07 3.47955837143e-19 0.323870608163 
0.047360849408 1.46614608451e-06 0.0016349738079 0.000109442721476 0.079641468855 1.02458087014e-06 6.24802256418e-24 0.360230275709 1.68778586859e-08 0.00971905842355 0.00569269184853 0.40810836132 0.0212449150387 3.40207805092e-12 1.0741326678e-18 7.8705235078e-10 0.0304687682671 0.0114590533449 0.0207861018156 0.00354153104456 
4.19284788552e-09 0.525135629088 6.68043517982e-08 0.00138193587821 2.42068267548e-06 0.000280667772882 0.00392804726818 0.00777702092062 3.99742048909e-07 2.64819302001e-14 0.000399879234923 0.0575433016919 0.0169682234977 0.00369145110741 1.50695044954e-05 0.165704377485 0.0429889163037 7.12737234891e-05 0.174109075231 2.23987114621e-06 
0.0131081322225 9.89844170489e-14 0.0278993111282 7.56589356428e-08 6.87877755908e-12 1.14082610357e-09 8.01498729214e-12 1.29738939874e-23 0.000400485204503 0.771823445567 0.169208353261 2.87279987066e-12 0.0171620356055 2.74873976389e-05 0.000319919764755 3.76522915259e-07 5.03761910763e-05 6.66678514933e-43 3.17567257624e-10 5.14949883096e-23 
1.32591877106e-25 6.98406743542e-25 7.85805807224e-16 2.96012926028e-14 2.38469909548e-28 0.363644067517 0.0049396608236 0.00929885179582 3.66466034132e-11 0.0653456758471 0.00722760940133 1.20948158829e-09 0.000160453124732 8.1599627048e-10 0.00547331534451 0.0327404441916 0.0354259166974 0.419523922619 0.0562200805758 1.69656345622e-16 
9.24020267915e-07 1.18329284054e-15 5.00239220725e-05 0.199187599076 0.000221281175584 3.83332229292e-12 0.0126185118242 4.8100423389e-28 0.00692599756835 1.06880399285e-07 6.8547636443e-12 0.000540971571623 0.00145266836036 0.771309909904 1.4264165665e-05 2.77728723462e-06 2.76180104616e-18 8.89171005429e-05 5.19504220883e-09 0.00758604193735 
3.42970024679e-11 0.0299037589366 0.425660493356 6.98372489678e-07 9.41072298287e-16 0.366611273259 0.0778262596844 0.00371856639196 0.0561269071434 1.48972657492e-05 0.00627459070932 1.22651334975e-11 2.20657085491e-07 0.00102834471532 6.25083115037e-09 1.63591808194e-32 4.06990089474e-06 0.000185985478698 2.76399035547e-23 0.0326439278319 
0.0813702294158 0.0222577350335 3.85162788552e-06 0.00259459144403 0.00636340692541 0.000729322292935 0.685471352406 1.40906338389e-21 0.00066663982717 0.0171395269301 7.03899321577e-05 1.87761425781e-12 1.42955406036e-05 7.82677115123e-05 4.15757019943e-10 0.00620446592789 0.140012432491 0.000359667277501 2.47024732054e-13 0.0366638247987 
6.98772994076e-16 0.945381498044 7.5684096415e-16 7.17671055331e-17 1.48014903715e-14 0.0144355770845 5.65071108815e-22 3.30823252578e-06 4.76976411678e-06 3.59787123082e-21 0.000453412094974 2.70923159971e-14 7.6496790503e-05 4.38079674048e-09 0.000730229599567 0.0218854442146 0.00270038884523 0.00358470904523 0.0106852424946 5.89194092353e-05 
0.000579149085786 2.26840835803e-05 6.24678396942e-17 9.95262672217e-19 9.02459236985e-05 0.00146447834316 0.676445643134 1.31969133172e-05 0.00952730236124 0.0441917669231 6.91042538864e-12 5.68077716877e-10 1.90838002026e-16 0.000432822738947 1.79947218434e-06 1.1006653969e-23 0.000691327245769 0.266437397421 2.85428527368e-05 7.36429262215e-05 
0.00685495916448 1.28009141428e-13 3.12524717223e-15 1.85201726529e-17 0.00159420584067 0.016872787216 3.90282544741e-13 4.45249373286e-15 5.69623831982e-10 0.156651007574 0.00172558502285 0.000254001015559 1.20781269931e-07 6.77149702434e-06 1.75101862808e-05 9.49411521933e-10 4.18965871395e-09 0.0214157752856 0.788279303467 0.00632796723938 
1.77325878705e-09 0.484010710861 0.000634143650611 0.0899489541599 4.47183344752e-07 0.00420827124241 2.81683766732e-09 0.0126650619363 2.35371830365e-11 0.0834093089992 0.280977083184 1.74391229456e-09 0.00309140040442 7.97084570775e-08 1.78768369889e-09 0.0403402944175 4.77353146121e-11 0.000707053636604 7.04710362663e-06 1.35320228485e-07 
8.41558158638e-11 4.42648883892e-11 1.05473412697e-09 1.81292041364e-09 3.92222373641e-12 0.115280869285 1.35693067817e-09 4.82133039818e-06 0.000940799912522 1.38552001037e-05 5.08423391206e-06 0.613816496585 1.18461357984e-09 2.43843725049e-05 8.14680209845e-10 0.00134423567433 3.05847609625e-12 0.260072991917 1.7710041976e-21 0.00849645512972 
1.86718387304e-05 6.6598632735e-06 0.00590235472462 1.88722323048e-06 0.000283156796175 0.123171265395 1.73436435528e-07 2.81787574084e-17 1.62588502657e-12 0.0371626736665 7.72959074436e-15 1.64327954363e-05 0.110476616102 7.30274407806e-06 4.09919630886e-14 3.35005940442e-09 6.41954871712e-09 0.000704757730559 0.722208638566 3.93993471759e-05 
6.51496963478e-09 4.10264560659e-07 0.0539289635087 4.42331029678e-10 0.163464155417 2.31065726731e-08 0.0159274473805 0.0138945421446 1.3739090077e-06 0.00658225361233 8.84615205438e-06 0.291714452071 0.334886485446 0.0020969480481 1.68624468683e-15 1.85091688155e-11 9.76129326843e-06 0.117481900327 1.23126948508e-06 1.19907329022e-06 
0.05935297682 4.71819415128e-07 0.0024436322503 0.0878129881733 9.58639555302e-20 6.08486501317e-34 0.0165137405651 3.19278478443e-23 4.57019050065e-08 3.35236336998e-05 4.917450026e-07 0.0104122468648 0.0205641152972 3.19420420546e-06 0.687762495262 0.0599146461947 1.36620695288e-06 0.0532770030521 0.00190604015613 1.0220528379e-06 
6.32658576433e-26 0.127278430044 5.43678390491e-07 0.0436044302862 6.57156252972e-05 0.013191446616 0.00853475160196 0.316946993276 2.17121778257e-13 8.42345499035e-29 2.94562388509e-29 0.464652675195 4.31979645441e-05 3.59550213333e-07 3.43155922029e-27 0.00601380505451 4.99658737356e-05 0.00619356134841 2.56531198576e-10 0.0134241236281 
0.0493105209691 2.77043061324e-06 0.619970555127 4.00910487022e-21 0.0122032563561 0.224245587114 1.44768162383e-09 0.0473425563984 0.0372811550657 7.40889109982e-30 0.00228409598225 2.77941366015e-30 5.42119364684e-06 5.37609654538e-08 3.37390337639e-07 0.00264367718219 0.000995739839845 9.77523948404e-20 4.69980367211e-16 0.00371427174169 
3.64174070895e-18 2.40539038419e-14 0.000306076999936 1.36482977611e-06 0.177767332021 0.000882576743907 0.0425240081723 3.77492240014e-13 1.3659590922e-12 3.1070495727e-17 1.27852172615e-11 0.00551605085001 1.44094648351e-09 0.000304421563795 0.00106890685059 0.00146054477749 7.55714004984e-09 0.0348480934776 1.03899201162e-21 0.735320614701 
7.74604218108e-05 9.28558027211e-08 4.12499806104e-13 8.15762631891e-05 0.731910723744 4.71780753284e-13 5.19402918883e-13 8.42703851458e-16 0.00166539133085 2.04563822941e-05 0.0235089826895 9.04822687911e-16 0.00757900846333 5.60232906763e-08 5.31138983547e-05 0.0034496401484 0.0814591972257 0.0327260215125 2.59375999182e-13 0.117468279039 
0.0127873466792 2.44051503209e-06 4.12474123101e-11 1.80649235837e-07 0.172222668674 2.47274210231e-11 0.000289636211869 7.65415574486e-06 0.684755227694 0.0504155288548 0.0054613886653 0.0414647475868 7.02359870953e-16 2.93308640641e-16 0.000610668730504 0.000105909582296 0.00734533728709 0.0244217399676 1.70734963694e-05 9.24511845508e-05 
0.0269178382749 1.25014563812e-07 2.55007754982e-07 1.74475549742e-10 4.37313515797e-06 0.00185541696724 6.43476656556e-28 0.0104916340566 5.78855812849e-12 6.2313839625e-08 0.923908642998 6.13884330048e-07 7.38532040989e-08 4.08174272102e-28 0.0138139906836 5.12266362387e-16 0.00197793032358 0.0210289542003 4.26660286993e-09 8.48402294458e-08 
7.87291492992e-09 0.0411422234404 6.24515806457e-06 0.00456292085285 0.00168413529389 1.82023309814e-05 0.000191883543371 1.27456423793e-05 0.00242546857674 0.068374221206 0.0786701130052 3.28539325258e-12 2.78994099623e-09 3.40772144222e-08 0.0101321788611 0.001459727624 0.791295901201 3.26807860226e-06 2.07204331151e-05 8.85281290542e-12 
1.2794953698e-07 1.27455708077e-07 3.44216709146e-06 0.366764808249 0.172388455136 8.08985331193e-07 1.26976803188e-32 0.000149103711414 9.46615017636e-10 4.29992571037e-05 2.6997246753e-09 0.379026559005 6.43607302007e-13 2.4080010431e-08 4.48627765359e-05 6.00043634854e-06 0.0277566629153 0.00133676134822 8.66097957244e-09 0.0524792442196 
1.439928292e-05 4.40953629935e-10 4.98495938322e-11 2.7043538418e-08 0.000349749078561 0.000138789630757 0.000811101733659 5.59456605118e-11 1.88316074982e-26 1.03743979655e-07 7.3050159227e-22 1.1826898015e-08 8.06794930313e-06 1.06761532188e-09 3.04346081693e-07 1.98004376474e-06 1.53098636821e-10 9.10338671122e-08 0.0723828364144 0.926292536105 
4.02405460866e-12 0.015041561873 1.22244400538e-05 2.89317852358e-31 0.0513360527168 0.00538778633627 6.21108017194e-08 0.272346278137 1.16608618102e-22 3.01758728947e-18 2.56997741708e-24 0.348735859835 1.88083546141e-05 0.0013200920737 1.39929703445e-07 2.35708367254e-26 1.44980189256e-08 0.305800970648 1.49040830982e-07 1.3697902666e-12 
1.95981420087e-08 8.15253258666e-08 0.0168310116467 1.39026227365e-06 0.191365377853 0.000986056057486 1.03361960014e-14 2.28793631759e-12 2.46006343005e-09 0.00235559078812 9.14624953976e-17 7.57832040059e-05 0.017860680189 7.72482720885e-21 0.0461634905183 0.700089711343 0.000879701401713 0.0044651136956 0.0186972443775 0.000228745077001 
1.50728440429e-09 9.97102620093e-05 6.52274027806e-07 1.6809025361e-12 0.0232334659823 4.80781794403e-14 0.00940010837072 1.46876223488e-09 0.016966346108 0.0645935234068 1.0089917819e-34 2.53578749866e-07 1.00154266858e-06 2.46193608891e-05 1.49414983104e-29 1.48238584347e-15 0.316897183138 0.56650293251 0.00228020048828 1.91445423019e-15 
0.0250935373199 5.27416073404e-13 0.822471167858 2.22193489175e-09 9.34899867787e-08 4.59728318296e-20 0.104105798311 0.0368648433894 1.00509921651e-06 2.83875790781e-06 4.75207742439e-18 1.00983306887e-13 0.0110134041392 5.60288632748e-05 3.07775313787e-15 1.0249714115e-05 0.000341386883355 3.3002234805e-14 2.03972637755e-12 3.96439499456e-05 
5.49430624475e-16 0.819080807483 0.0161936988096 3.66141121991e-14 3.46549723055e-17 3.47068986372e-07 6.53076001524e-36 1.70537475681e-06 0.0272779010964 6.90370058359e-09 6.7300676668e-09 0.000160703145923 5.00814364424e-07 1.12850253101e-06 7.63761718286e-14 0.00819588087666 3.75364451519e-05 0.101698983082 0.0273507936671 1.29724735664e-27 
0.00657095697696 2.66917801999e-14 0.000114181265464 5.85842438278e-16 2.94703977556e-10 0.0532844918772 0.288070133341 0.00764481575651 1.56076479182e-07 0.0156434901538 0.00221479615422 1.71094153421e-05 2.21497473552e-08 0.368892613331 7.26732835834e-08 0.241611621047 1.27453896818e-05 0.000427284980536 0.0154955091161 9.37026840622e-15 
5.09431021355e-20 1.06380042139e-10 2.77224144811e-08 0.000379410310958 0.267485850027 0.0110016024046 0.0107123043444 0.0508217336239 1.86194232819e-08 0.531163667207 0.000386336781824 0.0079365525745 0.000629984993076 8.31880151018e-12 0.1049573057 0.000170913592997 0.000420188379083 0.0045895763133 0.00934452729103 9.10150080496e-18 
2.33557373168e-06 9.68240419556e-09 3.99820169062e-06 5.6308032818e-10 7.50618264019e-05 8.65127767996e-16 9.38316455841e-09 0.000511357822065 3.07544135719e-12 4.88546494781e-13 3.68692985366e-32 0.0020233964877 3.34821707938e-12 0.932356061568 0.0281086370046 0.0206949313641 0.00365940843818 2.01038942417e-23 0.000969049810838 0.0115957422672 
0.0841615657564 5.66792138352e-53 1.84831969734e-17 0.0240982911739 1.44113525093e-10 0.0011436510214 0.00137030328903 9.81919702228e-10 0.00632857136256 4.0307499658e-10 5.42064222716e-11 1.38662044745e-09 2.12821726758e-08 2.34711566765e-08 0.762394520891 4.67288462587e-13 6.60666354013e-11 0.117352771474 0.0031502772405 8.57314060979e-13 
3.89643890151e-10 0.00866950892125 0.652395446581 3.91411651315e-15 2.25872311321e-12 2.83523581573e-27 3.13975784475e-14 1.02140467855e-11 1.0040263497e-08 0.000406699084617 8.67310173194e-06 2.09482215348e-05 0.0278835976873 0.00786550818125 0.177814993267 0.112545707281 3.29641854274e-09 0.0123809932393 7.91048909371e-06 2.06401455179e-10 
3.10184811703e-11 3.215412538e-06 1.68926490877e-06 0.000445771437778 1.09677921417e-18 0.365445942479 0.00188583345497 3.99425380529e-23 0.000698299871024 0.00225271589398 0.21344330715 9.42297222676e-07 0.000854361756717 0.394405702777 3.44392975076e-21 1.67333129869e-06 0.0205108381199 3.10230569414e-17 4.08521256781e-05 8.85459712368e-06 
7.2657554052e-05 0.000244903703135 8.03493003258e-06 0.0167542927899 0.00321678223431 0.00150103565386 0.414352493903 4.58961547151e-09 0.283244128364 7.69179713522e-15 0.000170279195486 0.00121101267389 6.27666548747e-21 4.31768787346e-17 0.124271494317 3.09269565594e-07 5.76337786394e-10 0.0070501767325 4.01339541598e-05 0.14786225956 
1.99460382823e-05 0.000262782771237 0.0070061164398 0.883140027185 1.0654151026e-27 4.96983376846e-06 0.0104454674697 0.0696160987198 8.39289184521e-07 3.60034804882e-07 6.78712301416e-10 9.33214329242e-05 0.0120619192159 0.0162594645374 8.01540502943e-07 1.72021960905e-07 5.56267137913e-09 1.17980753614e-15 0.00108770721936 9.19163950515e-12 
3.76077302918e-05 1.23789515822e-28 0.0274487178581 0.000772574680229 4.10945953996e-13 2.56745050807e-28 1.55232395293e-09 4.26309862453e-12 1.32326161972e-13 2.09983549886e-06 0.000109781772468 0.0105732959105 0.00146060245949 2.17922426447e-17 0.14267774048 3.09764667408e-12 0.0237375033907 1.01912070226e-10 0.000443871477231 0.792736202744 
8.95139108244e-10 0.0751673908968 0.289130441884 0.0101883378525 2.36028028854e-09 1.60949596966e-22 0.000319057830661 7.01950016669e-08 0.129256519134 6.17408860789e-06 0.146369144094 1.49408970534e-07 2.40713102997e-06 0.227252802619 5.22680640189e-05 0.00621644933468 0.0406121454316 7.50959993874e-05 0.075351525854 1.69270796451e-08 
5.84506887015e-07 1.35457036572e-14 0.00590457359926 0.26546578185 0.000771938317215 0.00668798231234 0.208362165197 4.25271318232e-10 3.45330502596e-19 0.0507409914295 0.0188838250586 0.288586866861 0.00108273363107 0.142011761908 2.2043296957e-18 1.75316154475e-17 0.00820956603818 0.00329122886577 6.77493955558e-19 3.0399484527e-15 
4.934978948e-08 0.502247223569 0.125955797707 4.43346269871e-14 0.27295970374 1.1233209852e-13 9.83014050435e-06 0.00020218820125 0.0913059328243 1.89177140594e-22 0.00657345262395 0.000266530373657 2.65830299473e-08 3.8279785747e-07 3.12022092763e-06 6.28253163134e-09 1.26168044733e-06 3.90006066591e-11 0.000427453839309 4.70400275517e-05 
4.92610380584e-28 0.00692307968898 0.445346585038 0.00748417260345 1.62379429694e-05 0.0573192548077 3.66195873703e-15 0.0122278625419 2.92019953704e-06 0.396788859025 2.9860356101e-05 0.0168582436216 0.0542943376377 0.00270738250883 3.50372142552e-14 3.82948678381e-21 1.84581934448e-26 4.19544165555e-08 1.16207380474e-06 1.03628836998e-17 
3.0091113702e-05 0.000703443326753 0.0623838105458 7.46250806775e-13 0.0168136254164 0.00124521957873 2.71457785564e-09 0.209009448568 0.0432946746402 0.589719239625 0.0526849125629 4.08539980517e-17 2.22220592054e-17 0.0105238720984 4.42219745601e-16 3.00734079901e-08 6.12414970331e-06 2.51458074813e-11 3.33049479174e-14 0.0135855055601 
0.757180413924 8.78555731241e-14 8.65986620368e-05 4.24415042942e-08 5.99776930509e-05 2.55526462491e-07 1.12259327459e-15 9.94232535246e-11 7.13516489638e-08 8.71627017666e-10 3.27088581844e-12 0.118444805254 0.000556002608874 2.20074797523e-06 9.90008726554e-05 7.64203274886e-08 6.62660099048e-08 2.17539578809e-08 0.123570447224 1.82791697883e-08 
0.000641996234244 5.56744588464e-05 3.25867515101e-06 0.801806068317 1.32378531257e-08 1.37280021106e-23 1.83414974684e-13 0.0094904352782 2.03741702367e-07 0.0509665864899 0.00117536988396 1.00505242662e-08 0.0409386979012 4.55919755292e-14 7.01755465052e-08 3.56942863526e-06 4.57723440546e-08 0.0949165650071 1.25384914233e-06 1.81498527756e-07 
0.000332304187244 0.0023735903381 3.70457468167e-23 1.9260904119e-09 2.19718976941e-05 0.00250961822373 0.000999508748727 2.65817051063e-10 0.580963744741 5.82912721956e-06 8.13549466373e-05 0.0991818307753 2.07487809557e-07 2.68398825246e-12 0.00954314000411 2.71977101899e-06 0.29350548093 6.93828681713e-24 1.62639578265e-09 0.0104786950006 
0.016103653749 8.41527842566e-07 4.70791920805e-07 6.46486196179e-07 0.000986600792434 1.7684511857e-09 1.86198197451e-05 0.0012294080966 0.000772235244943 4.7385262679e-12 1.79005497811e-06 5.23948892977e-06 1.67545604988e-07 0.0329082541171 0.915489382591 0.00541500829469 0.00274317959508 0.0242799814657 4.22052682927e-05 2.31329647172e-06 
0.00193269662208 4.59272168593e-06 0.220540398373 0.0983038844818 6.84198311789e-08 1.04347534343e-16 1.00046599478e-05 6.45003940036e-08 1.71768267393e-06 3.96029048624e-05 0.511707478241 0.157091884612 5.524084394e-07 3.61858140794e-12 6.31596602865e-10 2.0458727157e-08 0.0103670087593 1.52704674363e-14 1.4091863734e-12 2.45172693358e-08 
0.0388919485221 2.49798417221e-08 2.68102821743e-08 6.41014811533e-05 3.80025625101e-11 0.173518775692 0.000316366647062 0.129311895914 0.209610325979 2.64457922461e-06 7.01043395632e-20 0.023415467754 8.52583085399e-24 8.60394561093e-05 0.00162431341096 1.70319439973e-22 0.349654246314 0.000690569150935 0.0727961202024 1.71330691616e-05 
0.791964040003 0.000340612205074 8.98440929716e-08 0.000137269043868 2.55763059564e-08 0.00297537000864 0.183247552197 2.78287573579e-07 2.32339253247e-06 5.92610673093e-08 3.07254164104e-05 6.96073163599e-06 8.61418792855e-07 1.59803871644e-19 6.98732436655e-06 3.79682529341e-17 1.51111146164e-05 7.97413430671e-13 2.23047457394e-06 0.0212695036995 
0.000317369398654 0.00133806737222 0.000180409312263 1.5050228594e-16 3.70400988253e-05 0.00417978065615 4.54134052612e-08 0.00503852104472 0.000128377574533 1.13990791549e-16 5.33791346515e-08 0.492506923317 0.00775132095931 0.000962843653179 7.25177349841e-06 4.90998365229e-10 0.0644934889689 0.020408254922 0.221274022942 0.181376228723 
6.33091954327e-15 0.248186589612 5.00727692042e-09 0.719937705682 0.00382663954989 4.63214812311e-15 0.0148824034957 0.000305334114373 0.00621333130492 4.65415827449e-15 0.00220723298865 4.09176626174e-06 0.000663745343647 1.32140349827e-08 2.43253191848e-10 2.26629324396e-07 2.78010306769e-05 2.80851991973e-12 4.97709285669e-09 0.00374487503808 
0.000172891736191 2.631759324e-05 0.00336924008036 0.000487403035155 3.50036324324e-05 0.72683738098 1.02215726054e-10 0.0362653460155 5.67066049388e-12 0.00468291848962 0.00200164391502 0.153609984809 9.05882955211e-09 1.88468984473e-16 2.86860107145e-10 0.0591995453957 5.12849937255e-08 0.00426212861813 0.00837736161059 0.000672773350969 
0.0133428168275 2.8966983572e-13 1.99023529813e-09 0.000893122135812 7.37444817465e-15 0.00362232778189 5.9054789147e-09 0.0144261380437 0.000142692209275 0.164463372156 5.80239847453e-09 4.6869942992e-07 1.7845747803e-13 7.9542161239e-09 0.737292048249 5.5096146119e-15 1.10426445949e-11 3.37765488812e-08 1.18179653903e-22 0.0658169584568 
0.0003038305377 0.00938653747396 1.09523613439e-07 0.00248617673092 0.0179490404676 0.00274691503761 0.398592733921 0.514160151332 3.14532419203e-23 0.00219939295397 9.29559208851e-09 9.5631267455e-15 0.0116711425073 8.88136773626e-17 5.62623406175e-07 2.44984586656e-07 0.0367988332495 2.70324842128e-07 2.14514587174e-12 0.00370404903468 
0.00185183892849 1.46270073634e-16 7.59688308307e-05 0.196416518876 3.3801390836e-13 5.66888847974e-05 0.0107337055101 5.06215007471e-07 0.00255605672351 0.00414796835206 1.6415275382e-11 2.51995550831e-17 0.108796573193 1.84070894742e-07 1.28875440287e-06 0.0812886729131 0.00456938943262 1.27234671234e-08 5.61213995769e-28 0.589504626574 
7.1491809598e-05 0.247116077575 0.0181231463306 1.03945723224e-10 0.533811892525 3.12113261501e-08 5.75594787783e-14 2.56817332478e-16 7.99635938234e-06 0.0146086532964 3.2021675971e-11 2.14189182047e-05 0.16050675189 0.00683967367713 5.67527559816e-26 7.89396030335e-10 2.05854153419e-12 0.000302832026539 1.54353556426e-11 0.0185900334377 
1.26375943672e-05 0.0138020185731 2.50419451534e-13 0.190537753625 8.72931086683e-09 1.64230400547e-12 9.99047222509e-16 0.00106090988133 0.162118362009 3.67069690674e-12 0.582988011668 3.20117122982e-06 1.91293538373e-21 0.000128560736271 0.000221606663159 8.79516802267e-08 1.00810889853e-20 0.049082233671 4.95365455084e-08 4.45581841915e-05 
9.9849194794e-15 1.38754844616e-15 2.49568971116e-06 1.11021452021e-12 0.0050441064186 3.50498148284e-13 0.000278497080248 3.48352058659e-24 5.01083596578e-08 0.0911535910544 0.00464530861886 0.89322261273 0.000752822925088 4.04476757384e-16 1.26990894459e-06 1.03636563834e-07 1.8785420128e-25 1.18517959565e-15 0.00464909273898 0.00025004908905 
2.09937916496e-30 0.0180702982214 0.0614095647414 3.22473393375e-09 1.46328773504e-08 5.22363679194e-19 4.00984950071e-10 6.68733845583e-12 8.38813921383e-10 0.000164864333568 0.000290050311332 0.0192793266673 0.0818979844262 2.85769407131e-06 0.777761746771 0.0405461934975 8.57564137903e-08 0.00055866818118 1.83402940804e-05 1.3525325667e-15 
5.92689311409e-14 0.00187986886055 4.29938097322e-07 6.93113564338e-19 2.53901115706e-15 2.64767528276e-17 0.252770848275 3.47594307623e-06 6.72529127254e-11 1.91941924308e-05 0.374992074397 0.000180053260316 3.61393258362e-11 3.32655899687e-15 0.0236352648851 1.82088699197e-07 3.32007717288e-05 0.00452581358097 0.0309461441519 0.311013449552 
2.66392687972e-10 4.49112540674e-19 1.61793399013e-08 0.0534637542748 0.0458894589505 8.29215777068e-14 5.29510133358e-12 7.68209124487e-21 3.10706932826e-30 5.26608724743e-05 0.000660517036534 4.90117844575e-14 8.29645376248e-07 0.00396298682551 1.97301940583e-05 2.69540497259e-11 1.07242903724e-07 5.67725455733e-14 0.895949938431 4.90116411095e-11 
1.35091114831e-06 0.000152772637443 0.00121943182027 0.00488467133442 3.49914676169e-05 0.043190144694 1.17640295125e-16 4.72802146423e-15 0.133940450793 1.49044267796e-06 0.000118594420545 0.000186894134315 0.000184374810332 2.485768807e-05 0.0269090706198 0.000621003608685 1.81509481397e-12 0.445636291667 0.342893608948 1.43066706498e-19 
3.15041882101e-11 5.11933459268e-18 1.09279814014e-20 0.904799453933 1.83259650762e-11 0.00684981894533 3.07456161103e-12 6.58795332218e-18 0.0757546020172 8.88168874881e-08 4.85034829902e-16 0.0124761669781 4.95679844327e-12 1.17495359129e-05 1.78694341424e-07 5.06600658275e-06 2.51688865032e-05 4.73824651665e-05 9.76898912597e-29 3.03236634709e-05 
0.000905935512372 3.0713629077e-28 2.68248520699e-05 3.03821694226e-07 0.000241607316863 4.07262951711e-12 1.04138914932e-26 0.000988166707129 0.997674943838 4.15912534406e-07 6.02581434885e-15 4.5952716276e-28 2.01661026902e-10 2.29749630103e-05 2.53370334792e-07 3.62139655427e-07 9.91497308638e-26 0.000138211359427 3.36046852232e-19 1.52255511359e-12 
3.49659486923e-09 1.22215360137e-05 0.0048793765285 7.11514807274e-08 0.19530627029 2.47964659754e-07 0.000114698723429 0.00183927375586 2.09797716331e-10 8.13536376725e-05 1.37680095466e-25 0.0241826656546 8.57743340326e-05 6.86147937887e-05 2.87803243253e-05 0.773399065109 1.01882889292e-11 9.77652552493e-36 2.33982547334e-08 1.55908127865e-06 
0.289891406045 3.67356322398e-22 0.000214997586884 0.281224017301 0.00661196737494 0.0475173220291 3.6056981887e-13 2.96036721541e-05 0.0129704900162 0.237670272167 0.0288809670912 1.92317503206e-06 0.0271281363335 7.41955566802e-05 1.00966325989e-20 0.000253417117393 4.19907304512e-09 0.0115794494383 0.0556406156264 0.00031121526994 
1.80147676866e-10 3.10910438209e-10 1.40929378913e-18 0.0990323572718 0.0436211159125 2.13815208379e-14 1.44526142595e-05 0.000143121750247 1.9480628821e-15 1.02690813464e-10 3.18280549202e-11 0.00850166874517 9.03473962129e-15 0.0138778520947 0.000470324437883 0.763186258239 1.56620551054e-07 1.60298711832e-09 0.0711138812845 3.8808800703e-05 
6.28257553085e-06 3.48393699201e-05 0.000378587268011 3.00131769378e-05 0.0676096235687 6.19606416839e-07 0.000833295507606 5.54934853788e-05 0.0050107671193 7.60720505054e-17 0.922934748933 2.44212996776e-17 5.95217546339e-05 1.11804337238e-09 3.43165965888e-05 7.5414212884e-10 0.000345281435213 0.00266653989036 1.00540031656e-30 6.78405319674e-08 
0.00330371662433 0.192550867496 1.71344638991e-06 0.404866919432 0.178604669711 0.0164607576094 8.82825126064e-08 2.99118588989e-10 0.0960444939149 0.00972735541324 3.26447132299e-30 0.00591902134574 8.50228469148e-05 2.35248604889e-11 6.63321533979e-05 7.30407834941e-06 0.0828943142376 1.37342062147e-09 5.4019602351e-22 0.00946742171244 
0.00282561717701 0.00199165204522 4.0596853238e-11 1.58507011362e-16 4.10819065263e-07 0.1204750959 0.0020499290127 0.864498997 1.59505912074e-06 6.97625383497e-06 7.14753105313e-12 3.05310989864e-15 1.27518864854e-11 7.08975010544e-11 5.77228216917e-08 5.95436581926e-16 3.46047276052e-28 0.00814966887902 2.25049359199e-18 1.62581101716e-14 
0.0117641929789 5.37888709166e-05 4.93681165153e-05 1.43305680671e-13 0.635871496677 6.57411784208e-06 2.09230204551e-12 0.00253728525258 0.0176902189234 2.74714413161e-08 0.000753187462338 8.53894583147e-07 1.8149756294e-18 3.52834072094e-07 2.02472689367e-12 6.38359437593e-08 3.55213197518e-06 0.331195678352 7.36377765887e-24 7.33590762808e-05 
