4.0587845503e-25 3.95261755102e-06 2.31448481439e-24 0.00730778566326 0.00666471341007 9.8497693579e-05 3.73655708409e-07 2.92507663751e-08 0.04175507924 0.747139563439 1.05971545816e-15 0.000176550145522 1.91076364447e-09 4.3073400791e-06 0.000240766555879 1.4622184776e-05 6.62479827673e-22 0.00112397293241 0.194798014332 0.000671769628704 
0.00206432908014 0.0525253177912 0.360502835106 8.6176977656e-05 2.45731078122e-14 4.96442426793e-09 0.304847607031 1.77114997278e-09 2.56308716953e-16 0.000759152974135 9.0006627107e-07 1.28243404977e-22 0.262322335155 9.55365979053e-06 2.17687048965e-19 3.1764897313e-12 7.83434764099e-08 2.38127883748e-08 0.0168577224646 2.39607993844e-05 
1.44721595873e-42 3.54588278517e-05 0.240269680414 1.81368047894e-07 0.634824984023 1.89714265749e-14 4.38247373052e-07 0.0652265709061 0.0156356409818 1.1800635005e-06 1.10861870745e-05 1.26248703377e-06 0.0337774137965 4.54262040996e-06 0.000178448014027 0.000840737107762 0.00744390073479 9.67122987935e-07 0.00174716580804 3.41290217311e-07 
3.51386699023e-17 3.26854530375e-07 3.64904447966e-13 0.01585629614 0.0014472206981 3.53204494953e-06 0.415651855982 5.88254849026e-11 0.0313374366562 8.33017304322e-10 0.0745963590782 0.449926013272 2.64450261281e-05 6.64383243389e-08 2.81126634262e-10 1.76925067174e-23 0.0108858583147 2.49403314111e-09 0.000268585811174 1.67058140397e-11 
0.519437922737 5.16735892767e-19 3.77475903672e-07 0.0125777171699 0.0357536026886 0.0312884718866 6.49799789808e-09 2.42017928784e-11 0.000635453479441 0.23731520036 6.84034738734e-09 0.0243947399984 0.000391582882918 3.70759069634e-09 1.7294359466e-21 0.0937313242982 0.0370170959188 4.08420743423e-10 0.00745632087096 1.7275402268e-07 
0.00331538021938 3.3594740889e-14 0.000126277527378 6.07364461794e-12 3.38131898382e-07 2.83084859291e-14 1.8805656516e-06 0.0189829726429 1.36150708126e-29 2.85635754393e-13 7.01853366322e-06 1.14704707837e-12 2.79505607645e-05 8.85395598752e-43 0.0324999229112 0.480607647226 0.445267907407 1.88247488149e-05 1.89041212524e-15 0.0191438795174 
0.115436526011 3.94588399636e-08 5.12455505691e-22 2.10399405501e-16 0.0124397149837 0.0432205247546 1.12697967161e-08 0.00183568634402 0.0123638587198 0.159727514328 3.23621823393e-15 0.619274095335 6.12270919839e-05 1.11540718318e-07 1.89613933196e-10 1.25860048306e-06 0.0187485603404 4.89299725021e-06 0.0168857703622 2.07672910027e-07 
2.63907677344e-07 0.505388275775 5.7592123372e-11 7.47062424577e-18 9.16465940618e-13 4.22556932423e-06 3.42424026344e-27 0.000346560073947 6.83007463259e-10 0.0826191396249 3.33986235156e-15 0.411366872889 9.8992320941e-17 1.15452840339e-11 3.50088928711e-10 0.000158614189838 1.1860042129e-05 6.81839170381e-11 0.000104186756502 2.22913959163e-22 
6.1860036609e-10 0.00126213093746 0.0127938690543 0.303292573876 0.0042419154478 0.0285965503068 3.22333202362e-09 5.58166939993e-06 0.590310774243 4.40030619818e-09 9.85311228042e-11 4.14448065928e-06 4.70712888114e-21 1.47901227129e-40 0.00163149090886 4.47768415035e-09 0.0578609552995 1.2959597389e-12 9.56710734175e-10 5.5210765224e-20 
0.000124270700331 0.674553134473 9.41872252055e-13 0.0574394751025 3.56924873893e-07 0.000885651106882 1.62801312348e-17 0.0110584784251 1.02797318429e-16 0.000116814215937 4.45302857154e-07 0.00537702944953 4.12883124174e-05 0.115903505453 0.115118027203 1.72330490093e-16 3.06960337823e-13 0.0165688980299 0.00280944132382 3.18397516139e-06 
2.04097498342e-06 1.73853802329e-13 0.456268809649 1.01027878421e-11 4.00907968326e-12 0.0177720818617 1.61166749116e-08 6.95751159732e-07 5.47568676587e-05 1.24975873741e-05 5.00800076152e-20 1.30841921228e-19 9.8751433978e-12 0.0492532662079 5.65681668606e-06 4.34076947174e-09 0.476628156485 2.01580115102e-06 5.8718695011e-11 1.45746583323e-09 
0.00946145886842 0.00176022150619 5.42879112328e-05 3.27651737891e-11 1.04729530496e-13 3.82340596755e-05 7.75420560784e-05 9.84898136711e-10 2.32586396504e-13 0.000846473756651 1.22718926113e-05 0.0134638975033 0.00319112347635 1.31195970214e-06 0.149705172899 0.774175542724 9.60281267965e-06 0.0155710563642 0.00120563736525 0.0304261638264 
0.234665105429 0.00660360864867 0.202353068903 5.32512375741e-05 0.217260465479 4.87011503711e-06 2.00924904716e-10 0.000122267539665 0.335731052949 0.00011747621968 0.000125145158923 2.05234539033e-08 1.03286025028e-08 2.68270516998e-10 1.36771441058e-09 2.30192716227e-07 0.000299592137416 0.00117254558994 6.1081427561e-07 0.00149067689712 
1.98314453365e-05 4.19353677822e-14 2.82873161285e-06 0.000264376206356 0.00391900743291 0.000160351408528 0.00093332579701 7.40311824362e-08 0.301731888995 0.0043037697264 2.88312643987e-11 0.000386215222693 0.0841469788158 5.68461258063e-21 0.0640871648464 1.5052856867e-12 0.540044179509 5.13444103367e-12 7.79676302636e-09 2.35192882937e-16 
8.73356907542e-15 1.12431211317e-07 2.300774725e-10 0.0499502302052 1.66426511016e-13 4.0813042728e-05 0.0986677416558 0.466682502394 0.000121123909575 0.00173890141494 0.000938015350428 5.55834733806e-17 0.258964791884 5.93173521308e-08 3.56331343666e-08 0.122701302291 6.48405307661e-12 0.000194370180589 5.34306225429e-11 2.37283500345e-13 
0.000181800037362 4.36330114379e-08 8.40513790942e-13 2.12809754083e-11 3.574554728e-06 7.56929294099e-18 9.23056313611e-18 5.18019559713e-33 1.31956845319e-05 7.23465808044e-07 0.0288577898402 0.0437816677894 7.75544335313e-16 1.83296946713e-15 0.00262907793249 3.37752548439e-09 0.802818279825 0.0338429027105 0.011636659789 0.0762342813383 
4.76908932843e-16 1.79909229722e-11 4.64941419855e-20 6.90847681474e-16 9.20185261451e-16 0.0171338344107 6.93314966903e-23 0.0152996732551 0.00268972054027 6.50813964472e-05 4.7131467234e-05 1.29126183166e-12 4.95069056337e-06 0.329865858691 0.00316770052713 9.55174492228e-12 0.631077350965 1.5328600829e-18 1.49293687826e-06 0.00064720509035 
0.168074426476 4.69040928936e-10 1.2463580335e-08 0.00218533153601 1.05415959737e-32 0.00875619649802 1.91379743782e-08 0.0548569098826 3.06816246503e-13 8.11086948874e-13 1.45471168213e-09 1.30158073403e-05 4.43251366901e-09 0.000714232105597 0.0147703351764 0.00058212111747 0.0111249962254 0.0247213626648 0.714118076479 8.29580720396e-05 
4.73148034065e-15 6.95668155166e-08 0.0894904374114 5.32078157859e-05 5.08195564534e-09 3.33054820554e-09 1.38426487687e-05 0.0815449437326 6.46259866e-09 5.74662640167e-23 0.680956232213 0.000273705482896 8.21921250916e-15 3.44790378109e-11 7.6909599919e-06 4.567053491e-07 0.127042075326 0.000557924081524 0.0197682286453 0.00029117050092 
5.91611125818e-06 3.28470393875e-07 6.86701802655e-24 1.3703980289e-06 2.7207760418e-05 2.17837675861e-19 0.00596340417823 4.33472656801e-14 4.49791087741e-09 0.0311376491678 8.38525879558e-27 3.64026252077e-14 0.108015791019 0.0149874617769 5.3764625097e-11 1.70499142961e-05 0.132582186596 0.698424341979 2.09558627367e-11 0.008837288056 
1.4076200997e-13 2.53840096548e-16 6.5927020991e-05 2.22985643771e-24 3.68571201828e-19 0.224917340906 9.87702202384e-19 0.0468863275866 1.41540581263e-07 1.17639812699e-13 4.0471598727e-16 3.85035448712e-06 0.0160522132635 3.55562588747e-06 0.0437188862732 4.34669962126e-06 0.425959908489 9.21287861132e-19 4.06301929592e-11 0.242387502199 
1.89385887343e-06 0.00470205248006 0.00054798645373 2.73820087187e-38 0.0863244059054 4.17539098088e-16 0.1161168223 1.86438342754e-05 0.283143281747 3.3054927161e-10 1.20318786185e-08 0.504758860685 5.21764288854e-14 1.88863360128e-10 2.24196749721e-10 2.02614901865e-09 2.50725858262e-10 0.00438573995464 1.45243732831e-12 2.97726662081e-07 
5.79382400908e-15 0.0106591405903 0.000665341170914 0.295479843269 0.0578322339421 0.00481355900463 9.20036572494e-37 0.000371978490525 1.81416709832e-18 8.62715561179e-11 0.0196168902967 5.17932696104e-05 1.15241958433e-11 2.45265258732e-14 0.0189340049286 5.08170561465e-10 8.35868741671e-12 5.5543033901e-05 0.590688963791 0.000830707598464 
1.64624789194e-35 5.83126880716e-09 0.0304868715576 0.392171288412 1.04002176817e-11 2.70945665364e-09 1.41924622137e-18 0.00342586502522 9.11538742558e-05 0.216348008125 1.13154112076e-06 2.78698128243e-07 9.24325561973e-05 2.00354247017e-10 0.0117508316031 1.39174127828e-05 2.13889613321e-09 0.345618154843 5.28695603744e-08 2.59121921567e-09 
0.0480702242263 1.75314512285e-05 5.94938695377e-08 0.0267334411612 6.00693528509e-12 1.23988361719e-06 0.000229034014595 8.35351020571e-07 4.72647844502e-06 6.11343090927e-05 0.676212189482 3.81578721177e-09 3.71869322803e-06 0.00703838185283 0.240181718092 3.11589029345e-05 2.47522602652e-08 4.36278458774e-07 7.15743517666e-07 0.00141342601115 
0.00825459775141 0.27769415742 0.000158766678602 4.95170999482e-14 0.00183196186039 2.21968430603e-14 1.5210094022e-08 1.92885774016e-14 0.000164699006466 2.03415745097e-07 1.85158850348e-25 0.00145441740825 0.018147643294 0.00260676481597 8.94378535219e-11 0.092821474989 1.60357551058e-06 0.596029615514 1.09658618849e-05 0.000823113109907 
0.00303041042771 4.24466385457e-07 0.00783443057957 0.000353198487243 2.74833909004e-06 0.722172136975 0.00131269448145 0.0355499336064 4.24534105471e-06 3.65970326137e-10 0.00165286397512 0.163607629489 1.66632226061e-21 0.00740349457553 0.0570756532869 1.86597904546e-10 6.62898802524e-10 1.34715769802e-07 5.15187183458e-14 3.7856064237e-11 
0.750837323098 4.98544479419e-08 2.82039601608e-19 0.00729274301781 0.0300946909103 7.85601468238e-09 0.00408326627106 1.85052906724e-14 8.83677943491e-10 1.94983774286e-16 1.21821684794e-05 2.56274303117e-12 9.842163571e-14 1.42984019023e-06 0.207522542747 3.52831387496e-06 0.000137477754346 2.84453765613e-09 1.46660554052e-05 8.83812808864e-08 
0.0416987568783 7.28200714049e-05 1.16241878513e-13 1.3230682504e-08 0.453416787764 8.92269778208e-05 0.0194061308745 0.00402551162198 0.000147816113062 0.0541786840999 6.41117838823e-13 4.26729149772e-08 0.00148730883487 1.26216445544e-24 6.9110848327e-07 1.04879949453e-06 0.0991778286656 0.000102416566352 2.21011529457e-10 0.326194915499 
0.000630782919002 4.0850991719e-05 1.54995185687e-11 0.164389393999 0.000288259115679 1.13088667299e-08 5.10654783648e-08 0.000426644083106 0.607027174586 0.000308184183592 9.91694782994e-06 5.08570484764e-10 0.0019413995281 0.0110611240731 1.53809579283e-39 0.130199569375 0.0194354121345 4.60619289981e-32 0.0378922842953 0.0263489408696 
1.65052009588e-09 5.39651028862e-05 0.360763661348 6.84321572857e-22 0.0304102205238 0.0408328750345 5.35260613229e-15 4.95901133025e-06 0.00138988167557 0.273419079121 1.41974013839e-16 9.31163491698e-38 0.000490278469171 0.000231188977408 0.000135911254162 1.3503570817e-08 0.000417362006357 0.00107572080824 0.288072490969 0.00270239054435 
0.000445670458 3.19666702055e-26 0.000125070377568 7.2752761089e-13 6.11061783118e-14 1.26418574071e-05 0.86055128885 0.0270799426751 6.7185367235e-13 6.07727860657e-05 6.01266927437e-18 1.38062677905e-06 0.0729819718975 7.99900896225e-16 1.06014127729e-15 1.55370416626e-11 0.0114238634471 2.89628104739e-10 0.00537123638995 0.0219461603275 
0.494639287517 2.89415472784e-17 4.46840547427e-05 7.42198636384e-09 0.0616870541165 4.2737854705e-17 2.42779512253e-07 7.19355713657e-17 0.216678331578 0.0105764072547 3.9699636348e-09 0.0119520480401 0.203540501083 8.17802112826e-06 1.14146152103e-08 0.000868179392545 4.22240941769e-16 1.8579622514e-12 2.9209253904e-17 5.06335476131e-06 
0.00736397738277 0.43042492554 0.00184102045926 0.114974365213 0.159649859783 0.000567686571898 0.0883293083576 3.11681397653e-08 1.19293533424e-09 1.71549646535e-07 0.0235222922142 1.36264379662e-08 0.00573661956805 0.089324687203 4.60084287922e-05 1.02876015329e-05 2.28048417608e-13 0.0782085714244 4.39846265249e-27 1.72715509714e-07 
0.274806966693 7.70504450144e-22 2.20769458209e-08 0.00592546584425 1.31679025152e-11 0.0193338242052 0.000876941556623 7.81883236468e-18 3.28312023289e-06 1.09528526736e-13 0.0112432678629 2.19309800962e-12 0.174042314934 1.25623340523e-08 0.0279776321442 9.24492927767e-13 0.00196497631538 0.483809778656 1.55140126079e-05 8.48930879317e-13 
0.0567693753113 1.32551734319e-06 3.66426376481e-25 0.000202080499438 0.00102226566949 0.00227469442945 0.00787401427271 3.71361787206e-25 0.686457146328 1.24630270382e-27 1.57750041837e-15 0.165369013509 6.9932269612e-06 4.8428380112e-12 0.000567376591582 0.011989083281 7.54798284766e-10 8.87379399568e-11 0.0671374359406 0.000329194575502 
0.6687534013 1.48589325202e-06 2.31642757469e-15 1.43258207755e-10 2.31723162601e-18 1.60405922435e-05 1.05228896053e-41 0.286858358012 4.68881106348e-14 4.17449908894e-07 3.08892067232e-15 1.17656160632e-23 3.16533403972e-27 1.19114055616e-18 1.10149183601e-06 2.20166933102e-08 3.50134467389e-09 0.0441388961358 1.66583358343e-05 0.000213615127832 
1.03138238846e-16 1.84121058782e-20 4.632313148e-05 8.80837612876e-10 9.79081688368e-15 0.00717487205529 0.744869314717 0.191414944497 0.000179539765055 9.49480025297e-22 0.000793546930634 0.0336008767447 0.0087914208205 6.11754385253e-10 0.0131291184346 5.67622730754e-14 4.13268430018e-12 4.28529156058e-15 5.2388390885e-12 4.14024447685e-08 
0.615819976578 0.0496469463929 1.22783017624e-20 0.000564781535888 1.13198464325e-13 6.44095696818e-09 0.100752100786 0.0149269342761 1.50922684639e-13 1.26778080359e-09 3.52110472239e-08 0.0172156006764 1.2731505398e-05 1.79523524513e-12 6.04278177978e-22 2.74767455434e-06 0.0294641264025 7.25881541916e-17 1.84661336721e-07 0.171593826589 
2.14271288107e-52 0.00480240069092 1.81103269397e-07 4.82791440012e-12 6.417840028e-05 0.239823767569 2.85674581554e-07 0.00955476660594 1.00455652001e-09 1.84020042469e-06 1.65492978541e-07 0.45466771268 0.291022831417 5.73354256123e-07 1.16139208013e-05 4.96512583895e-05 6.94273469201e-09 2.36740604717e-08 5.71008669047e-12 2.04568623374e-15 
1.87528614744e-05 0.0504764268051 2.23407428976e-05 2.8373852842e-17 0.000600238042144 5.07051043502e-12 2.50937693148e-07 2.6924760148e-14 2.31517964157e-12 3.13407701802e-09 0.000136774702363 0.00061561570063 0.907676878137 4.85239672678e-08 0.0206943792755 5.12204377549e-07 0.0196947341472 6.30447777505e-05 1.3567204664e-27 6.74359501282e-17 
0.0010601157445 1.53968068185e-05 5.94327185996e-13 4.95742996983e-07 0.00370345841934 2.01142230218e-27 0.000101461025474 4.336061579e-14 1.3784532533e-08 0.00057662457682 8.42403883917e-11 0.00689542794148 0.000890961458685 1.55649159595e-07 0.623727236125 0.000303156621611 2.01124222076e-16 0.000927357135514 8.96049662191e-13 0.361798138882 
7.44083730018e-09 1.76597781417e-26 0.000688180866345 4.96910000449e-08 2.84621533581e-05 1.20621264802e-07 0.158640122547 0.000216878669088 2.52668565139e-12 0.000585884376223 0.000872953786803 0.060701263346 0.0769213565388 2.59242637272e-08 0.536773126111 0.164022501788 8.59070946196e-15 7.0114634223e-05 0.000476590675728 2.36082813766e-06 
0.00461878604705 0.00079319563871 0.00358463791349 0.00137178137534 0.304841628337 0.00959819492197 0.671252740331 1.48677647478e-06 1.01234176176e-13 9.61640246643e-05 9.95902802787e-06 0.00082697810348 1.45934194374e-06 1.21851826104e-05 0.00154040581158 2.42307257428e-10 3.48644424607e-14 0.00145039691928 7.25802134771e-25 5.21443182738e-12 
0.00102490671243 0.000139741941882 1.75056734541e-06 0.000112943387531 3.31328620263e-11 0.000304829186582 0.308750373283 0.000526468173414 0.292051567231 9.53257877891e-11 3.38047865073e-05 1.7197764981e-05 0.000100088037174 1.41947374236e-16 2.63342766951e-08 1.36722812676e-21 0.36265575173 0.0106345389294 0.023644633945 1.37786118011e-06 
1.19242548027e-11 0.000278913882178 0.000122307298148 0.20398693392 1.50530491801e-30 4.65279654385e-37 0.00233692549776 0.733050437658 1.13265822745e-20 1.88470620041e-06 0.00319500639739 8.01990189185e-11 0.000483073705891 7.89901090764e-07 0.00598723695627 0.0337272754004 2.59891347585e-09 0.0168169158832 1.22961022195e-05 6.48082915466e-13 
1.27292288293e-22 0.000103944574383 4.06127349727e-07 2.83937993125e-09 3.93723097813e-05 6.34388033573e-21 0.00621789207446 4.26331991442e-07 2.06998519999e-05 0.887587827389 4.38066950327e-14 0.0791894254124 1.59048248019e-15 2.44058459943e-05 0.000813648309783 0.00124380868038 0.00742787426898 1.71289670005e-17 3.23950024386e-07 0.0173299420343 
0.0591597456008 1.39326593186e-09 0.00015505154575 0.000162045544473 5.04192402295e-05 3.58655786655e-05 0.0107062859776 0.01482485869 0.0551460557558 7.48154109449e-24 0.000306556154296 1.57627173748e-09 0.00024388022015 6.68214735369e-07 1.89960003462e-14 5.77735376221e-07 0.1844213876 0.0206977511335 7.29685379856e-09 0.654088840743 
1.36489380597e-07 2.60260594413e-20 1.64876916988e-07 0.436297361798 0.00214072218427 4.04629156192e-06 1.44341809027e-11 1.13825987969e-05 0.00154703471292 0.00796739263734 3.13293786035e-06 1.33748937957e-21 0.00506532226159 0.00640873412416 0.460513777813 1.59948192496e-05 1.16347461866e-14 0.0336791540826 6.21131910535e-08 0.0463455802449 
0.00141884111797 0.220628714325 0.0899673677759 1.03367556857e-07 0.656315128496 0.00421525958628 2.83788548216e-11 3.07754196543e-14 4.88017288603e-07 0.00406840518625 0.0128637700249 0.00193212700104 1.03794769408e-07 1.30068928403e-17 0.00176134690498 0.00132591386185 2.39301523218e-08 0.00486928057541 2.78807244649e-05 0.000605245281277 
2.67696868804e-05 0.00251834020643 0.000634648309782 0.0375955898173 0.000348840329693 0.0700057254126 3.01547206746e-23 0.000601286443427 8.44640068073e-08 2.55896365181e-25 8.07258847109e-14 0.626839750773 4.11201665698e-09 1.10669989728e-12 1.64094966889e-06 2.26476876532e-10 8.59181639344e-10 6.14607033323e-13 1.56588880749e-07 0.261427161818 
0.000115484611725 0.000275379716654 0.000223918354754 4.46528560514e-07 1.71782869092e-10 5.83044562023e-10 0.00118122134439 1.08355057876e-08 0.000276619272231 4.23975631828e-13 0.152820707116 0.244658613575 0.000101499252576 9.8298160215e-05 1.0471749814e-16 4.83358536662e-06 0.000693715477021 0.0171052691716 0.0198680589548 0.562575923288 
6.42765668066e-11 7.17763762803e-10 4.39743923908e-40 3.37461852977e-09 0.000247613229809 0.511016424532 0.38350316617 1.99728377224e-08 0.000806765874421 5.24810050252e-06 0.00139774491646 0.023831930089 3.58577287579e-11 4.88881523708e-07 5.06580369579e-06 0.000891737505093 2.00831864393e-06 0.0358600117085 2.97740990106e-09 0.0424317677284 
4.04710543301e-27 5.84584099e-07 0.000242872045919 0.185134540445 5.70684993818e-06 0.0528817215403 7.95818828971e-08 0.00624193548497 1.97177029134e-15 4.25673366831e-09 0.0186708897607 1.91628659106e-08 1.0250905966e-06 4.03113694946e-11 0.00779230802099 0.0453522321366 0.00272837954102 0.0709842596622 0.609963262022 1.79774090833e-07 
0.73002938444 8.39750174449e-05 9.72130630616e-10 5.6935991315e-12 1.55616710327e-07 0.0583524746492 1.14345592293e-05 2.48675438122e-06 3.43509518156e-08 1.90083866262e-29 0.00694790332564 3.70696394459e-14 0.167708049834 6.70953135772e-08 0.00396195631905 2.73140285366e-24 1.74504252713e-15 0.0218120669523 2.19288955365e-08 0.0110899881794 
1.35208451827e-05 2.63909451287e-05 0.00103387738768 1.60534081607e-08 0.00019747281401 1.63119500542e-20 0.00262649090437 0.349000041125 6.15221093488e-11 0.00287513539861 8.12841881177e-11 0.104505647855 9.95632478668e-11 0.226386760157 0.00193183722627 0.115168498784 0.144914960298 0.000600248838289 1.83025598984e-08 0.0507190828235 
0.00030253050078 1.33567166781e-05 5.50361632441e-08 1.95516489727e-19 3.09209648786e-05 2.70714423774e-13 0.0331068266877 1.34636365664e-06 0.362886554379 0.583146860394 9.13521537364e-09 0.00181374167683 1.15126513596e-06 1.67928655891e-18 1.78730212912e-07 0.00141741457439 6.00411460289e-11 6.59417941726e-05 2.01928717276e-08 0.0172130915281 
0.262911088902 4.52441349046e-07 0.00220489750242 1.50701388149e-05 1.73588911918e-16 0.000160200990455 1.34582129342e-06 0.000517579408611 1.12175933982e-19 0.254483167477 0.00375840531411 0.0114932254131 0.050756940118 0.305104278641 8.43215371378e-08 0.0355623060226 0.071064281233 0.00195063676956 1.60394853328e-05 2.27751550814e-15 
0.37164193314 0.119508094726 0.154978985013 0.00101145243211 3.99433850454e-10 5.90468915372e-08 1.92156437025e-09 6.12553435639e-14 0.00945537143786 0.156383194316 5.60565399804e-14 3.22291635557e-12 1.49224490718e-10 3.25838745122e-11 8.36354532932e-05 3.07685196101e-22 4.78805796486e-28 3.01886162993e-05 0.184452463102 0.00245462020936 
4.62278052499e-22 7.48756982517e-06 7.80690885732e-08 0.00115918591197 2.47871825448e-08 0.00013661307827 3.53225567155e-06 0.303795808318 3.22377461869e-39 1.38488516997e-20 0.00296627417336 2.38138459612e-14 1.60611590183e-20 1.58280417885e-05 1.10577391805e-08 1.5282708435e-19 0.0300748737565 1.70170376212e-14 0.427794089168 0.234046193812 
1.76110745571e-05 1.90300355522e-07 4.13465480566e-07 2.22607842019e-14 0.488265680591 1.21692963955e-15 6.76387758998e-42 2.37516107625e-09 1.20313608579e-07 0.067095572737 2.20099079967e-12 3.83438391887e-29 0.0231462134838 0.342264820335 0.00071233467425 1.76163508866e-07 0.0763318486613 3.22887796536e-08 0.00177026682304 0.000394716710919 
3.36300657922e-05 0.00439692574678 1.18867947902e-11 7.19765742771e-12 0.150322980532 2.61372026983e-07 0.0231006339901 1.22683491253e-06 0.00052766088968 2.04860691642e-07 1.15666380971e-11 7.81515098929e-07 0.187799061511 0.128602308431 4.87618541341e-15 5.0397360656e-16 5.70905345231e-12 2.92198844804e-31 0.505214064504 2.59710561689e-07 
0.000180472624462 2.16991509132e-12 0.00444578362548 0.00181691040779 0.000526010705419 4.28990414279e-25 1.14966316372e-06 0.804115095541 0.0936862409108 0.00371509369342 0.0385893540875 0.000916675174292 0.00687505800182 0.000366266205342 0.000352946722734 1.01212209195e-05 4.94321871864e-20 1.09495131563e-34 0.0443985148988 4.30651515577e-06 
2.9588029408e-09 0.0192133930506 5.37011547563e-07 0.00362557353491 7.72200688205e-15 0.0132151591065 3.73705922555e-13 0.000539323100079 0.00098941456964 0.0267541508275 0.0344222736813 5.91962676295e-19 1.63108726053e-25 5.34846936301e-15 1.14050226966e-07 0.785091547956 0.0021375656971 0.110515019004 2.34500301437e-08 0.00349590200154 
0.0607598463941 4.43387790347e-18 0.183070554129 2.35911529328e-08 2.6524506899e-14 1.75982489088e-26 1.1143632895e-07 0.110915534373 0.000296743148635 0.0142769162657 1.50781767759e-09 0.605642783946 9.95125668369e-25 0.000186627784446 7.81638723937e-09 0.0015436327412 8.10601591965e-06 0.0232989412112 1.69539704036e-07 9.89393436443e-11 
1.9553305715e-15 5.33093060949e-06 0.000520648944027 7.84180785299e-06 0.791631644294 0.00772104114006 0.000328843480374 6.39993794748e-12 1.9492733359e-05 0.0418625230455 2.04261831504e-12 2.21180548006e-07 3.65776580644e-13 1.59267237193e-06 5.39604614696e-09 5.68681248392e-08 0.122346185948 0.0355545711191 3.51260707488e-10 7.97973727987e-11 
1.41986273618e-23 0.000390414835728 0.0388873892243 0.522286093977 1.68168613654e-12 0.0137819106658 1.60964904348e-07 0.00724168900043 8.51822020344e-05 2.32950888607e-07 0.400840085059 4.80868450948e-15 2.93287291292e-06 0.0164838974179 3.07302815944e-17 5.59220876458e-14 9.62241375885e-13 4.85496814022e-09 9.0055298408e-15 5.9721094968e-09 
4.59661161124e-22 0.0332550420495 0.00239691513076 0.000239688226794 0.000307670436546 3.84425656678e-06 0.944683838323 0.00560480939619 0.00655603972529 3.20790210083e-11 2.17249004859e-19 7.00619123262e-20 2.22624522856e-05 9.52203983828e-07 0.0013148001634 2.16395691178e-11 0.00561396367898 1.71688901546e-22 1.73902674068e-07 7.26135310324e-15 
9.7632496161e-10 6.84915544097e-24 0.046254643287 0.000120325943922 1.43081842073e-06 6.57951765208e-21 2.76286071681e-10 6.2662155278e-06 0.000107595907649 1.0856234942e-07 0.603994147898 0.347459827879 1.12844615041e-10 3.7168579189e-08 1.24638837754e-18 2.37963837393e-11 1.59748049101e-05 0.00124021997318 4.78826351831e-09 0.000799415364705 
0.010624142859 0.402650362087 2.21447066577e-09 0.00145401496108 0.0103709858935 8.89866947441e-07 0.00029878196721 1.58849358476e-09 0.0116858261435 0.00229968739392 0.471016885485 1.43811570443e-09 0.0649189965262 0.000120753860813 0.00668194788703 1.80114625713e-05 0.0178227280842 3.58481796486e-05 1.84567324188e-08 1.13644519532e-07 
9.77565351051e-19 2.61924084419e-06 0.19357739943 0.00183305157047 0.000161291332829 0.00963196434227 5.96023732779e-08 3.58442597379e-15 1.30669782146e-05 0.00481241781431 1.44718182305e-14 2.11734735423e-11 0.257546317001 0.0130576772843 0.00143478101047 0.00128291856354 5.30411293994e-06 4.48689997565e-13 2.48760648278e-14 0.516641131695 
2.37544581935e-09 0.59739015242 0.384688124127 0.00457377957914 0.00482636412977 3.72200120865e-05 1.3119882505e-06 0.000549720783267 3.29146822298e-05 1.69101129024e-05 6.59541217442e-12 0.00137488248083 2.89833744637e-28 0.00375123146646 9.81462030965e-05 1.05672547307e-10 7.78038238328e-13 0.00264651578277 1.27237432359e-05 2.02654003693e-18 
5.77379786121e-08 0.0247695010832 0.0539753905094 6.25222315178e-07 0.000243808929025 0.00403787500983 0.000229066932801 1.61343053441e-20 6.75678437782e-06 0.20511666039 0.0349026947976 0.0562447353727 4.70426227795e-16 0.61921824735 2.48417965003e-08 1.42246619459e-10 5.21420402973e-06 1.97060873341e-22 0.00124574375265 3.596940391e-06 
6.86936192271e-35 7.37630393635e-25 0.000124960644079 6.51294530681e-27 1.40584470158e-08 3.99995377671e-08 6.55329559023e-11 0.750633850757 0.0105935638661 0.0493958641371 0.134972226061 0.0352631290865 0.000593694693604 0.000223700080074 1.05653965902e-08 0.000239532291061 5.84702587713e-12 0.0179593431948 7.04803265587e-08 1.34267102894e-11 
5.26869345075e-20 0.0133223411612 1.25656551729e-09 0.068059875133 0.0012626612833 6.66220885615e-06 1.38022407789e-10 2.03547576109e-10 5.65955852286e-06 2.36983588303e-11 1.79752008923e-10 4.12043318884e-08 0.604073142596 0.293589303011 0.00640753264343 0.0132379990474 3.71790546982e-09 4.57909631248e-07 7.35687348822e-06 2.69618509719e-05 
5.20821486933e-05 0.0519978051693 0.000533857232347 1.02417936611e-05 7.52407629602e-26 0.0101174746753 7.83304144183e-06 1.42185294115e-14 5.0627537744e-20 3.7922558679e-07 0.163314135249 2.58580686543e-13 0.000264209853614 0.389744519492 8.18961394188e-07 4.02565322232e-17 3.88453477078e-06 0.383952758622 2.91780877613e-13 2.06583499927e-19 
0.0186314911987 7.03563317781e-10 2.2195953888e-06 6.03433550796e-12 0.000191060778056 0.39112781482 0.083893532907 1.60036432353e-18 0.000556321736355 4.86446268483e-09 1.25255096445e-08 0.0515728106361 6.41127321684e-19 0.453013138462 0.000156435337882 0.000284063287902 3.60843835825e-09 3.26037072419e-05 0.000199678995226 0.000338806830394 
0.0392100492523 0.575258191562 7.51959751606e-05 7.26464543084e-05 0.0392448003488 0.000778126902706 3.51202722872e-05 0.00481498181081 1.88264928838e-18 8.40981886063e-05 9.90589067084e-20 0.0257356221145 2.20043753e-09 0.309519597176 0.00376238739297 0.00118417578144 3.93655396445e-06 3.85289738863e-11 0.000221067975342 2.48905774193e-28 
2.40594282867e-05 1.94942627628e-10 0.121666344421 0.0755806116984 1.6672623493e-10 2.48335404943e-14 0.00418830220007 1.95419830568e-20 1.40489279348e-14 0.00224006241784 2.63746498069e-13 2.42296951904e-05 4.05992697841e-12 0.713320858432 1.03956814054e-08 1.31887264071e-06 1.34470981351e-27 0.00346436990455 0.0794895144942 3.17674365877e-07 
6.15221170235e-08 0.0376227210741 8.28761366175e-36 1.60100724155e-07 1.79481888647e-15 4.84232537696e-05 1.4980336752e-39 0.000219051642827 6.05463763648e-07 2.53637493449e-12 2.76991547681e-14 3.82368033739e-13 0.661348933611 3.53046740449e-13 0.30067113411 1.22473058478e-23 8.88389955904e-05 2.71413484883e-08 4.30808821996e-08 1.49544567465e-14 
8.80051508948e-30 3.57247346749e-24 1.98181801841e-07 0.250713520215 0.112598112935 7.19879885299e-15 0.0389535630169 1.32133200696e-05 7.52837092026e-08 0.000239413950638 3.57495309356e-14 0.185541907349 0.00047181437919 1.99493754047e-07 2.00523007173e-14 1.28126639981e-05 0.338394315521 2.20675076431e-05 8.73200990413e-13 0.0730387861815 
6.66639158271e-06 4.30881725072e-06 0.259084499813 4.08100255223e-13 0.0274813877216 0.0207128244238 2.84225305446e-11 3.36480807374e-06 8.95986836026e-05 0.000625111379813 0.0884002945028 0.19638331344 0.0561057780132 0.173432023942 1.16146442354e-06 0.000116222705809 0.134880775946 0.0402528119069 0.000192461606902 0.00222739440477 
0.0876461166174 0.0342173557008 1.22622568831e-07 0.000311461210411 0.0719935247655 2.79380037613e-20 8.85484863768e-14 2.97411313435e-05 1.17249850328e-13 0.00118356562004 1.31478281155e-07 1.11421236582e-21 0.725214390061 0.00198033037272 9.5163849157e-25 0.000287585271249 5.69982916685e-08 0.0584510024538 0.0185554125875 0.000129203108997 
1.40080272289e-07 3.18472659193e-13 0.0122365675197 2.18462288294e-12 1.56621603723e-05 2.0464367765e-05 5.33192394523e-05 4.65833096527e-07 2.73795875627e-16 2.60478262546e-14 0.00748148876907 0.00151329281875 2.50364763437e-07 2.72171391825e-07 2.12487218397e-09 3.68119367814e-08 0.292168810491 3.78492194798e-23 0.134503779418 0.552005447827 
0.000352235903874 0.0516652269059 0.0153245733184 2.19192920563e-15 7.69715197812e-06 6.65166529059e-10 0.449713445234 8.26325850575e-09 3.94102433025e-14 0.21406306149 6.19989444515e-09 0.00403042105491 3.43503547658e-05 2.99337865573e-08 0.109539475741 0.083837423104 9.6465220002e-09 0.0713774515252 6.7033376152e-06 4.78801691974e-05 
9.85913438648e-07 1.52169117386e-09 2.09105742016e-08 0.189643180408 0.00382630047035 2.44352983363e-05 0.0170732540509 0.412438751839 0.000610493570886 1.07983377464e-07 2.12065484432e-08 0.364415731194 0.00327257147225 8.15748120233e-08 3.68490344303e-15 7.5004868294e-05 2.6551556387e-14 3.62670804928e-15 0.00754726343961 0.00107179427903 
2.58249968122e-16 1.67863472646e-15 0.0114980202707 3.16644715061e-05 0.155973398069 1.75703434261e-07 6.97284841526e-17 7.27803588265e-20 0.224334477819 8.60309172395e-05 0.00541198011343 8.99749460861e-31 1.54723036784e-09 0.216951068379 3.00839005725e-06 1.59277481477e-09 0.0168784973339 2.36572957133e-06 0.0242307249788 0.344598584684 
0.0724905114553 0.220490044479 0.216061182046 0.31141914496 4.5826920316e-07 4.83276429412e-10 0.000107926203034 0.0685100892432 0.0289499195392 6.29216009948e-11 4.67881547825e-11 5.59004016796e-20 4.18279496059e-05 0.000141821530197 9.96628768226e-07 7.11368220179e-24 0.0204795337743 0.000187959682303 0.0611185836467 1.0315110918e-14 
0.000148437544917 0.0116745329537 4.52445387271e-15 5.37498964075e-06 6.57254796148e-05 2.83155177738e-09 7.59727448201e-13 3.60090450051e-10 0.000508110993697 0.965839942348 8.0345308197e-05 0.000178996578566 3.09980004444e-07 0.0115794998017 0.000575597852443 8.363717743e-14 0.00934293039968 5.5707317544e-11 2.1844512727e-13 1.92521824323e-07 
0.0135656252922 8.11836252635e-11 1.09819156016e-19 8.94184468217e-26 1.34398742025e-11 0.0765534634296 0.233310489558 0.0102495096315 0.26566828109 2.45560772043e-12 5.2822365327e-07 7.13727685018e-10 4.66536176325e-14 4.80491684159e-13 1.13413711103e-08 4.46449427409e-05 0.0768616094313 1.72530617794e-22 6.6023281401e-05 0.323679812967 
0.412147049159 8.25910437208e-06 0.00384714234954 5.05846029546e-17 0.000277714681759 2.06990825076e-15 2.15730470288e-05 0.000103643325971 5.23541252608e-12 0.0298896845098 3.1393655895e-05 1.41338711644e-05 9.5487556973e-37 0.0499254570768 0.00218432970231 6.55218627007e-05 6.94607457623e-16 1.8501239266e-10 0.00487635024981 0.496607747213 
0.0889078192492 1.13882164665e-10 0.000426570071683 0.00144391828012 0.0204674130625 0.417942554865 1.19897426535e-08 4.17172364421e-10 0.0141977384903 0.0313886420479 1.8734214337e-12 0.218945517081 0.000945070487792 2.11364759714e-12 2.66543177145e-10 6.86396906099e-15 1.14864486613e-09 0.00359161573904 2.90156211387e-20 0.201743126686 
4.94395256445e-06 0.000295914544758 0.00142878297987 4.87522509414e-13 4.38040311814e-12 0.00149920361541 0.000568009136061 1.07942065692e-05 5.39165575551e-06 0.846367352221 0.00136301061895 5.70631005744e-17 0.00442206732851 9.82059337351e-15 0.000259774790749 3.87032899112e-13 0.0952073760609 0.0472146596753 3.50634213404e-16 0.00135271920793 
1.95448631953e-09 0.0331358266184 7.64614387107e-07 7.44625680161e-15 2.38609816867e-07 0.168987490192 0.0241941283979 0.00171718739863 6.79332334247e-06 0.00400423328784 0.00431436569268 6.57049956458e-07 0.453876858155 0.0772242400039 0.0111363769343 0.000457702106477 0.191841085 0.00354878918325 0.025553260499 9.78753029863e-10 
3.0533543293e-07 4.7490977759e-06 0.000117747893781 0.00019692731878 0.065388657474 0.0228140969585 8.38254285264e-07 0.182301812048 0.00336915311487 1.69907884462e-11 0.00454275579012 3.1331537561e-06 7.3116955401e-10 0.0407424762388 0.0102300693566 1.81770494424e-28 3.67344344701e-22 0.670287012347 2.61595971425e-07 3.27402051019e-09 
0.0916000732479 3.97829316933e-18 0.000893023220812 0.000869376070746 0.00146499312169 0.162016320795 3.3509733256e-12 1.8240176611e-07 0.00219384226322 3.08101085566e-30 8.93297281057e-05 0.0716338042691 0.352720736991 0.209261988325 4.51420139559e-06 6.29764351012e-09 8.12092291668e-05 5.67990683282e-08 2.68531490327e-07 0.107170274505 
0.0589294281248 5.57670178685e-13 1.42645284509e-08 2.29222630775e-06 0.000144082504014 5.55866735927e-09 8.50018511551e-33 4.02348712e-05 0.653105010987 0.0144609639752 8.36663621936e-06 0.273152007285 3.34586329312e-07 3.85330312264e-11 7.45883883962e-05 7.51152213787e-05 1.04527197266e-18 2.14172142356e-17 6.4596870032e-07 6.90936366231e-06 
0.027707669509 1.7937283144e-17 4.16517280079e-10 7.1541285635e-12 2.35512480411e-14 2.98838054837e-09 4.71900363115e-06 5.36895782616e-09 6.02613194992e-07 0.00237167864203 0.358114683225 7.86332327768e-22 2.49588905464e-11 3.29685423181e-06 0.149605809645 0.43221391976 0.00488078662429 9.48469641143e-16 0.0250967365666 8.87510247897e-08 
0.026151351181 0.058128448387 6.94279023824e-08 0.207258456384 0.0247624180225 2.16602040338e-14 0.071621471452 6.68775173047e-08 0.126214443172 0.16896632889 1.41081018567e-06 0.295813385045 0.00081493859543 8.92478678273e-11 1.50158716731e-06 0.0200469001397 0.00014298994285 2.09894510852e-11 2.01458425165e-08 7.57998300709e-05 
1.01300661576e-05 0.0012198777729 1.04520657436e-06 0.963269012132 0.0325051663133 8.5684887469e-12 2.00906279755e-06 2.80826085116e-05 4.80739511622e-13 9.95500200272e-06 3.20162168838e-06 2.84924209921e-14 1.24140052151e-35 4.07399917599e-07 1.51691973022e-17 0.00279983268601 7.34144488862e-05 7.78632710826e-05 4.02825792111e-11 2.35873389125e-09 
0.0103698960381 0.00247127563328 0.364794923552 1.05266273389e-05 2.08881981419e-06 0.00640620375493 0.534616324096 0.00895804023486 1.47651796776e-06 7.79698171221e-15 1.32592957395e-10 6.4967101889e-07 2.05409820391e-08 2.09541599369e-11 1.87160195762e-18 0.030560962702 0.00025743920178 0.00348411921148 0.0380059531926 6.01000527219e-05 
0.103940855934 1.29931245556e-08 8.9178527405e-05 1.09135025864e-13 3.56846477635e-12 2.42076333323e-20 4.18842081104e-11 2.15426647053e-16 0.149819693847 0.00358213058895 2.94374952657e-10 0.00112423539611 5.2735121676e-08 3.2581278704e-11 0.292692889221 0.132205014402 0.316484512489 4.36195726598e-06 5.30767403736e-06 5.17538623727e-05 
1.01659579085e-12 0.00421868073393 0.00796032134918 0.557289826635 0.204219198171 0.000289106551698 0.000324057340608 2.34474622533e-08 0.187320568691 2.88070295569e-05 0.013885134865 0.015930978344 2.6331685997e-13 5.89684883468e-10 9.42687804396e-06 1.42422783354e-08 2.33261043103e-11 4.82794796876e-05 0.00847502994144 5.45686120008e-07 
8.77524423848e-20 5.99820665468e-12 0.0935858493319 0.000164059308962 1.68950470746e-16 5.92776920001e-14 1.30057508791e-12 0.353626670697 8.61909574945e-05 1.9521368822e-16 2.1178991441e-05 7.4960648634e-20 1.81296014863e-08 9.37303248626e-07 4.41043509909e-26 0.049931226335 0.502349924975 1.87450471e-14 5.67168753246e-07 0.000233376793996 
1.11156138622e-07 6.42913830203e-06 6.44734290688e-12 0.00151231452522 0.000403035054784 0.00525970154195 0.916902505421 1.11783098705e-05 1.65077753541e-08 5.55074118535e-14 0.0229345382763 1.41918690903e-18 0.000620292928371 3.68563932526e-07 9.21426572301e-08 6.37870726318e-12 1.31582317052e-19 0.014740861411 0.0376055106378 3.04437248341e-06 
5.88869102023e-06 0.00461965705623 9.19105164928e-08 0.000118516843457 1.33036422259e-15 2.29754303863e-06 0.00242360945454 2.87838777652e-07 0.00529195989099 7.05457838865e-09 1.04189312091e-15 1.16146210379e-21 2.33205770874e-12 7.16667889619e-05 0.000179447056756 1.42719377583e-17 8.87052930012e-05 0.00249387917448 0.981659690469 0.00304429493206 
0.142795637904 0.000306071327839 2.98679968158e-16 7.94262830817e-05 5.30053284503e-08 0.420346309717 4.38281416644e-10 4.82042455282e-05 0.00389269012044 0.00270462518186 0.000685450180982 0.0132824574239 1.06343280221e-13 1.18185470387e-13 8.92067813935e-12 6.91360705282e-18 0.386356365952 2.38532576858e-09 1.4066781084e-07 0.0295025651568 
0.0244216696933 0.00297464995564 0.000516903406453 2.48249778531e-12 1.16822919257e-06 0.0389270783857 1.97073688059e-12 0.02860475863 5.80583696266e-10 0.00203320948667 4.76252011164e-06 1.99593887505e-05 1.93919937905e-06 0.0285201105431 5.5953833904e-23 3.70953567859e-09 5.11781950703e-06 0.873025324199 3.3933252006e-10 0.000943343909663 
1.98094702679e-12 3.71655759713e-20 1.56312883302e-17 7.64677769003e-12 3.42684957397e-18 0.000583483727261 2.01076758699e-06 0.00894669383385 8.11723484368e-13 1.94018441285e-14 8.83233539284e-07 6.4257664754e-19 0.000709308268436 0.110279463176 0.144155046475 0.612172749596 0.000920925946394 3.47364134619e-10 4.36229988164e-05 0.122185811619 
0.393552080222 1.78800527061e-05 5.78655582109e-10 8.37226958158e-10 8.25800682866e-13 9.20425702719e-25 0.110498097978 0.323075059859 6.60453408336e-17 2.30755458761e-06 0.0738984804587 0.090077939653 1.33529171514e-06 0.0077947865824 1.56386564369e-05 6.13291763349e-14 9.42583066944e-08 0.00106629801469 1.49681188459e-16 1.66453376547e-12 
4.50537201299e-22 0.0347006674495 7.49206454883e-05 0.215237759015 1.33318465843e-21 3.12417754459e-08 0.0145131949201 0.000111166407323 1.56262918938e-10 5.38637122631e-18 0.0404836189548 9.78095717616e-06 3.8855632103e-07 1.11581081178e-05 3.61529961859e-26 1.82350570481e-05 2.39882908491e-60 0.0298537074807 0.66498537105 1.31293507586e-29 
0.0125142252834 1.28831673514e-08 0.777910615014 3.88408918901e-17 1.99861180684e-08 1.02180807037e-12 2.17640657655e-06 2.60034031844e-07 0.054823449932 0.103682309998 0.00203705809501 1.4791432916e-07 0.0486373427263 7.0937554446e-05 4.86557213237e-08 0.000283377936584 1.75814980108e-20 5.99984426264e-06 4.0686168672e-19 3.20177350074e-05 
0.123956329537 0.00156602392651 2.09326009088e-11 6.04276163991e-06 9.44796355226e-15 7.36595175771e-14 1.06584767259e-11 2.97968739709e-13 0.0734384242398 9.81380900834e-06 5.81629059038e-06 7.02243831209e-10 1.25448079525e-05 0.301938180706 0.00639761372382 0.00511146617918 0.246901705098 0.161040202569 1.28950983929e-15 0.0796158356173 
2.63200053137e-12 0.000248225768784 0.594211452153 6.18704333862e-13 0.0110120211158 2.87125279207e-19 4.28234034111e-10 6.18887585977e-12 9.41499325667e-17 7.11514978092e-08 7.47929925312e-09 0.161741581105 9.83874902585e-06 0.0865519124292 0.0622937981919 1.18318051479e-10 1.47786029704e-13 0.0409583378997 0.042972753385 1.55219165137e-11 
6.93902971171e-29 0.611001056444 0.350732655478 6.34712883865e-12 0.0189282919417 4.38004098062e-10 2.74171048602e-11 0.0128384801182 9.14999722242e-25 9.28966035381e-05 9.89296124468e-09 5.68895898598e-11 4.25753389023e-16 0.0019354633763 0.00109411812067 0.00336250424805 1.40929042231e-05 1.69278563974e-18 5.54791918498e-30 4.30343844194e-07 
1.0169018314e-10 5.9444316563e-17 1.7086141281e-14 1.12901938047e-06 0.00111792307967 0.0421891175091 0.0118359409861 3.48250972228e-07 1.09948293506e-06 0.000635826218924 0.0570056554452 1.23971717529e-11 1.89954542548e-11 3.01089470816e-07 0.269303065482 7.86431374813e-13 0.318117515442 0.112687813259 0.181480209555 0.00562405504715 
