0.0971955315141 0.000458617043239 0.0334320891998 0.00902689635805 0.251811927331 2.1615396484e-06 0.591760595244 1.07561099329e-09 5.01534977387e-06 0.00279794468575 9.80946319402e-06 0.00831766996869 0.00215246152643 0.00155168557447 0.00144989016507 1.58677965374e-06 5.49379418159e-07 2.28503390907e-05 8.3530902993e-11 2.71737997019e-06 
1.59256447642e-07 2.87147488582e-10 5.69839874512e-21 0.174738592433 0.000667640283784 0.564328961748 0.0968091107658 2.41463072521e-21 6.74302333088e-05 0.150129080033 3.39330980966e-15 0.0130957023541 4.16646014049e-09 1.40280225415e-08 6.42352148342e-05 4.7949792003e-06 9.42571862363e-05 4.94465045728e-10 8.29468569049e-11 1.64526085773e-08 
5.96634935912e-05 0.000343450738869 0.00174725516944 2.74821121434e-12 0.945668422421 6.39656178241e-08 3.75743025673e-05 0.00314506992086 4.05816192741e-05 8.41851388078e-11 3.57890822916e-12 5.12930433603e-14 0.0204878443239 6.49125740605e-17 3.29625825323e-05 2.49657024202e-20 3.01196947085e-10 0.000114457683544 0.000128326598315 0.0281943267888 
5.17550874872e-05 0.0175260741278 0.02913277405 1.8840956385e-08 0.840158777564 5.24384365491e-07 2.59334452588e-12 9.79222117782e-17 1.04770463194e-07 1.95667565845e-10 3.30628023112e-11 0.0461800612185 4.38597024524e-08 8.10862638969e-17 0.0669451506583 5.02209777687e-19 2.13637738066e-06 7.85699149368e-09 1.41402828396e-09 2.56955824101e-06 
0.0402587433201 5.86202380307e-06 0.0167155979372 1.93938574515e-08 0.455066354036 2.04060059602e-08 3.70441398255e-07 4.3162385741e-21 4.83126513183e-13 0.0081438550493 5.67935598006e-08 6.00710086117e-40 0.00359713841725 0.196944517874 2.52756088562e-06 9.83721774515e-09 0.000623995028239 1.99998984541e-07 0.180826585553 0.0978141463285 
5.74067904758e-10 0.00213264676069 7.95341246342e-09 3.31165242947e-05 1.37463978631e-06 2.42653276275e-05 0.0129383157911 6.72279037008e-11 0.0264370998176 0.000505737651728 7.3186525991e-15 7.10312399215e-08 1.12222076671e-14 3.97302974952e-10 0.0292920144678 0.893805876465 7.10592484346e-19 0.0348294725315 2.70330694603e-16 2.00442537827e-15 
0.307125322188 4.12942362293e-05 9.96174815895e-07 0.00136886888726 0.228678055905 0.422476132565 0.00014517187582 4.10439217904e-07 9.74570899663e-11 7.67655616393e-24 6.77750281778e-09 1.38598839053e-19 6.14553107829e-07 0.00520577208293 1.56145955457e-09 1.75401897213e-12 1.9027813339e-24 1.44430425433e-05 0.0349422923269 6.17284935733e-07 
0.0911444227725 0.000128103878808 2.58758211746e-16 6.40909514822e-07 4.9566785205e-12 0.12244347912 4.4090209522e-05 0.0056979631927 0.0572099395435 5.88811353138e-28 0.0815415904332 1.99000770326e-18 4.69670220711e-10 6.25005783025e-05 0.595491343049 6.66883396407e-05 1.01149022056e-16 0.0461692374931 5.8925923501e-12 8.38300838894e-14 
0.300177703944 3.26002326164e-05 0.0419401666306 0.0231716835539 0.00591478388876 4.4446199865e-18 0.20359347677 1.06563973178e-18 0.281012507797 6.55862415139e-06 1.43382310547e-15 0.0214142155694 2.92663874486e-16 1.48696822148e-13 0.000865771665106 0.10589363637 7.22530074179e-05 0.0159046419428 3.47533765732e-13 3.36953409933e-12 
0.148175999956 1.60043516952e-07 0.000652506652235 0.0500562987658 1.16273902271e-11 9.26170626962e-08 9.30813528104e-17 6.00832452231e-10 3.28366703062e-06 1.90530982145e-11 8.91394601242e-13 0.59856523653 1.95379485487e-08 7.7706272342e-05 0.00820745849971 0.0143606580168 0.00880046537836 1.90596548001e-05 0.0169250536669 0.154156000109 
0.119810947197 8.56941769414e-14 8.78995441811e-05 0.0934805615022 0.00065738479931 0.056828215062 0.103367562977 0.372257417196 1.63388684196e-13 1.44019163422e-06 0.000438344728689 1.76533328211e-13 0.00037032224141 0.00104334241009 0.0705850741986 1.35150462423e-10 7.75789461489e-07 0.181070212694 4.99333017315e-07 2.52364428382e-24 
8.97450250206e-09 3.42054796956e-05 0.473065066922 1.15515202215e-07 0.0444532978682 0.000244294422119 1.06235339258e-08 1.02080691066e-08 2.39598354878e-08 0.00183920518584 0.348149851299 9.79170114599e-27 0.0117169220061 0.0016415916539 0.000107955031959 0.0423013940331 0.0764348469688 4.5461060164e-10 3.52325407733e-09 1.11958695717e-05 
0.0227025419714 5.01191225383e-08 0.224817990184 3.57126820608e-06 0.148332641513 6.55595128913e-14 0.000596368000074 1.73185874177e-09 1.97044046559e-16 0.00114978693398 3.33373319376e-06 0.182613675334 1.33812622005e-11 2.09961820861e-13 0.113175223972 0.00298582468757 4.91883342935e-05 5.8597216362e-06 0.303548483553 1.5458928756e-05 
5.03467840867e-12 0.000163685832598 3.18252119461e-07 6.9619523972e-11 8.15445006253e-07 8.06462545683e-16 0.00487146107383 0.041083772194 0.000144068057869 9.88767054269e-09 1.89560186443e-05 0.388936981213 0.545380959036 0.00143865997151 0.00488886317495 3.43926709214e-08 0.00264773928652 0.000419383623895 2.87424428938e-22 0.0100042924653 
0.115392841354 0.000796507483598 0.00546604429563 0.123890705776 0.100568293891 4.65168016354e-06 0.384401153768 1.0822001317e-10 0.0688006139007 0.186711706888 2.61785089259e-25 1.02360524005e-09 0.000139186709465 2.07370178531e-10 1.93243843123e-28 3.06229473795e-20 1.1952172814e-05 0.00617508170434 0.00764116973732 8.93005190851e-08 
9.50056728906e-13 0.00361473160803 0.276703056604 0.221669099254 0.0701918580393 0.0109623506613 0.000330076652025 7.03635594162e-07 2.4583959261e-09 4.79654880588e-09 0.000920201880224 0.389105907565 0.0259713771118 7.75479115377e-07 5.14789631514e-14 5.82939037737e-11 3.18220874513e-08 0.000155391874467 0.00035774342428 1.66870755332e-05 
3.31802117116e-13 1.28628813216e-15 7.9931302047e-06 0.0108518943803 0.00619905973186 0.36448968013 0.0100216878489 0.0132415282924 5.22781459114e-05 0.350899360776 1.71438102687e-19 3.54539884365e-18 0.0242311340682 0.0024072479677 0.00170855824566 0.000158523983546 0.175607541262 7.69382577946e-10 9.75453172751e-08 0.0401234137228 
0.287725457147 0.127753718007 1.50528135925e-11 8.51504069894e-07 3.23906923573e-05 0.00734057408623 1.79888730985e-24 1.74717140865e-10 0.135961468702 0.0444620126051 3.42602644669e-07 7.44210594918e-17 0.367645503107 5.12812436669e-06 0.0111524793882 4.91336513166e-24 3.88640219824e-10 0.00216614836669 2.85050025069e-22 0.0157539250893 
0.00506574870361 0.00907918174764 0.135493142159 0.0273948701521 5.49504898767e-10 0.0838007912262 1.54023916564e-08 0.640420197833 1.3049732313e-25 0.0772948322527 2.43486409036e-14 0.00145475587816 2.74058096213e-05 9.91534914348e-05 0.00182189607635 1.68942230209e-06 5.54916503815e-21 9.58396368764e-10 1.18890353708e-14 0.0180463183373 
4.44789778558e-15 4.64285941689e-13 1.87125337043e-27 7.63004698559e-19 0.00182858235723 6.08939762101e-06 0.229407813481 0.00171415378705 0.002465834877 3.90733948455e-14 0.0340114422725 0.692888320464 0.000967130524468 0.00169681347989 9.49383661003e-13 0.0222239110016 0.012677420597 0.000106824815564 5.65693176942e-06 6.01152498246e-09 
0.0109693009048 0.0082101486082 1.13634770424e-40 0.00250782987941 3.96009655979e-05 3.90647578542e-11 2.19812762911e-05 0.00176844423485 7.15375788079e-15 0.000991520309078 0.412003739205 3.13670680066e-06 2.30309081898e-10 9.52780402584e-18 0.0490848193871 1.18374053965e-17 8.56946078073e-06 7.73228202768e-08 0.000131508445295 0.514259323025 
4.28346751579e-16 5.38061348466e-09 7.79152240613e-09 0.753536065998 8.60828038122e-20 2.07377380237e-08 0.00778361893954 0.00536354342135 0.00716063085847 2.14055104656e-16 1.98379445313e-13 0.000648926049967 5.74014114223e-05 1.90716914925e-07 0.000248884401654 0.214169261037 5.96593292175e-07 3.3100980721e-05 0.0104675312431 0.000530214439016 
1.86050665099e-07 4.01344350674e-28 3.04109488343e-08 0.000680061841731 3.17785314678e-07 2.59607247768e-16 4.19906684774e-07 0.00878464453922 0.905539900264 7.57673861367e-32 2.29844887634e-05 2.23831517962e-06 3.49917400595e-09 3.90236590717e-11 0.030926666814 3.36075009742e-08 1.66353259704e-15 0.0540425122386 2.41805703919e-23 1.99371485762e-10 
3.77719366352e-08 1.31619183002e-09 2.43499046102e-06 8.48424465827e-07 2.73885430387e-07 0.759657194337 3.52554789171e-12 1.82022040113e-08 0.0111039569356 1.19081561101e-05 6.89006061064e-05 2.29637553908e-09 8.70272447259e-21 3.98190456749e-31 0.000106217772002 0.166362409843 0.00894451388031 2.26080310097e-34 3.35290097389e-12 0.0537412815756 
1.15520364869e-07 4.0645845892e-16 0.0287140195388 0.177062899013 2.3791108272e-11 7.21645236582e-13 3.5724915793e-14 0.00141468610411 4.66194861795e-14 1.41743039445e-05 0.0317180755837 4.29011844221e-09 0.0231058329932 0.0178866710557 2.91225257965e-06 0.000374506077553 2.31894173849e-12 0.0155678775138 0.704138225623 1.03133245847e-10 
0.000319130538954 2.33848342557e-15 0.0942145140221 3.05109627604e-13 2.52563374119e-10 0.00172806550952 0.04735661446 4.22037694445e-11 2.93874532443e-08 0.0451534509241 6.89750591044e-11 4.15370860711e-07 0.00380471971196 3.31840031855e-05 6.2863070628e-21 5.57061164831e-21 4.24376292719e-07 0.744824305708 0.0609433937835 0.00162175183985 
1.59569698017e-07 2.35031374041e-27 0.00269417173428 0.0179742483934 3.81310008489e-12 1.88235341453e-06 9.92305038395e-22 0.00427883646891 1.2034680283e-23 3.81379676359e-08 0.827626731084 0.00102202737312 1.06881888117e-08 0.00157871822797 2.08238650365e-26 0.131273328836 0.0126168681191 0.000932901874254 7.68573487736e-08 2.7875225893e-10 
1.3272971706e-11 0.000623431189011 0.0114542557345 3.64270028795e-15 0.000825173890481 2.68500329718e-06 0.000153202842969 5.97567188471e-09 1.59805635641e-06 1.10865871156e-08 0.0389357137673 3.95877280802e-10 0.479099741357 0.0966403830553 1.81860968195e-06 0.367107276807 1.53663849711e-05 0.00511555843342 1.00463319434e-13 2.37773980503e-05 
0.00237637677635 3.69003720714e-09 9.4675205742e-10 4.81587969742e-06 0.110275975363 1.13534352027e-05 0.0506354668566 0.632746702296 2.61805628138e-05 0.00057283741523 0.000928603813579 0.0258375611488 0.028979165562 2.6082842593e-08 2.06973894132e-11 7.40713972231e-11 4.36091787407e-05 1.82532440533e-45 1.66802233868e-06 0.147559652876 
1.82060813255e-06 8.61655336588e-18 1.46127912271e-08 8.27972248391e-15 5.92752531761e-09 0.146672826601 0.000391003511435 0.0014429375477 2.01569168275e-08 1.52943534494e-07 0.00048045318426 1.52227831266e-06 1.90168650538e-07 0.000563105283545 4.50154166676e-14 0.000251586144953 1.13225481214e-05 0.0933867646072 0.746766095498 0.0100301783782 
6.84962831039e-06 0.000106762636986 1.15017439923e-06 2.56336307196e-08 0.465516152818 0.00038167894181 5.72237638561e-12 9.27539324906e-15 2.46163554628e-14 0.529261378105 2.33967202625e-29 0.002777059371 2.4144681969e-08 0.00194159845725 1.00582391899e-09 1.39031305232e-06 7.21638751421e-11 2.92163697696e-07 5.60982395908e-06 2.67042782702e-08 
0.000180441228106 8.83037939659e-33 6.41685221641e-09 9.44664286863e-11 3.85000685087e-06 0.000130194466512 0.138356964543 2.01641647331e-07 0.0544420747752 1.85692658632e-27 1.18498166701e-15 0.000446639731156 2.57143719954e-07 0.000624909428899 0.626731472485 0.000200605877332 0.176560409922 2.19262993277e-27 0.00232197223875 1.86598051917e-14 
9.84635274816e-06 0.253564795146 6.41895588768e-08 2.2030260599e-17 9.6046411552e-27 0.00121519483384 4.86429504396e-15 8.76779535351e-05 1.64226560884e-05 8.36819683408e-17 0.000141046076304 0.259941926865 0.237894015293 8.33780748461e-15 7.51967287697e-05 0.245995061065 1.62994903098e-05 2.25422509558e-09 1.02192758314e-18 0.00104245109527 
0.195281322035 1.66472043271e-09 8.71341266222e-20 0.00032455489377 0.0665324136137 9.39969665435e-10 4.68141894267e-11 6.27296404226e-19 0.0267849291112 0.0517783729528 0.0079653819224 7.13189907482e-10 6.60766821425e-11 0.00241775766908 3.8459615242e-17 0.637934998022 0.0104656528079 6.00272688703e-06 3.6729360903e-07 0.000508243520367 
0.286557101824 6.54097403911e-10 0.00272352123062 1.02016550633e-07 3.63530938197e-13 3.21774269886e-28 2.52100891123e-05 1.51775645783e-16 1.25083331176e-08 0.32952438669 3.3010231873e-09 1.70441944903e-14 4.87085344319e-08 0.133227321989 0.075181215936 1.24829452985e-13 6.17221666469e-05 9.24493021025e-09 1.34570176512e-06 0.172697997939 
5.50811597447e-24 1.1854274236e-16 6.16439256082e-14 0.00197564526034 5.64934149938e-10 5.66995264053e-11 2.81985556141e-18 1.89265708569e-06 3.95420893124e-06 8.72938662119e-08 1.03569032296e-09 6.28278101942e-07 4.34521924373e-16 7.21278414662e-17 0.720163237778 0.0057904671853 2.54622450006e-11 0.0850871975067 1.11818789245e-15 0.186976888149 
1.13356179086e-13 8.13555323233e-06 0.14200246332 4.41796592891e-08 0.218279714718 2.62349063997e-12 2.90509085771e-10 3.95069870105e-06 1.78637929799e-13 0.0225369466224 0.27026142794 1.91676270531e-10 1.56093691988e-22 0.282328104622 2.43953696115e-08 9.52519311196e-06 0.000202852240085 0.0643668027499 4.17437181314e-09 3.10818236718e-09 
5.49710451431e-05 7.31548654269e-08 0.218212291354 9.55495557765e-09 1.82860481642e-09 0.000157724623826 5.35913693882e-05 0.000250924675188 0.000874782728909 0.00501041125437 4.19465909172e-07 0.159213454451 8.85911128399e-05 4.50075968938e-08 1.8000955396e-08 0.610502923855 2.61454214945e-11 1.22730005308e-05 0.00556149096072 6.00253024633e-06 
0.000498395586294 0.715644531583 0.000181568033471 0.00348145280963 3.84966521915e-05 3.02284906944e-24 0.0185288037956 4.94426965638e-05 1.99706117348e-08 2.97003946982e-05 1.06355259654e-07 0.158953944875 0.0845606821393 3.32055092038e-18 8.11047803252e-14 3.75220358567e-09 0.00066531853526 0.0173321913678 3.53414534759e-05 2.36862786722e-36 
4.31129738707e-11 0.00292582340403 2.97177933639e-07 6.44438784157e-09 2.56561420423e-22 0.00291558772631 2.78983155287e-10 0.164690789458 0.000152131398506 9.10809383627e-09 1.32127803926e-23 2.0252349422e-08 1.18592774695e-08 0.000273428796975 9.75264162208e-05 1.68058933502e-08 3.53869444312e-05 0.0491001258437 4.40002619969e-09 0.779808833641 
3.4692764606e-17 1.13698370358e-08 5.66411676851e-08 0.0071862641545 1.62767543852e-10 0.0408222766482 2.82986981302e-17 0.631903246757 0.00141392169574 0.0873395832219 7.71085805487e-15 7.0629834469e-21 0.0112250810424 0.00176379613336 5.11172468947e-12 0.139576781761 2.16929612307e-22 5.34463888986e-05 5.32483209308e-08 0.0787154807695 
5.92629909003e-08 4.77193996537e-09 3.88044187368e-06 0.000702486530997 2.85137856469e-09 0.00216261256867 1.73490797236e-24 0.0177638131178 0.0390966113886 7.80432927066e-11 0.936678966808 1.49359498195e-08 1.53172106147e-07 1.25788050626e-10 2.65543927872e-14 0.00359107032359 1.24922064306e-31 5.78687376353e-09 3.17835313649e-07 2.54850951142e-25 
1.44569258379e-12 0.802280411991 1.6759254502e-08 0.0917535375004 1.87211892328e-14 6.85981312356e-10 0.000705500611589 0.000303284371043 0.0375346132541 6.29458173557e-10 0.00027390029715 1.24581131219e-07 0.000875192339097 0.00673804378548 1.55915928073e-16 8.93295772514e-05 2.33619611139e-11 3.32122197108e-13 0.0594451658877 8.77703717868e-07 
0.00110704709328 0.000206314445386 9.79720901677e-09 0.000283745694918 0.0259228002635 0.00590926510848 0.000921231156645 0.206781740888 0.609786110314 0.00118392457891 0.00562279468447 2.31381683942e-25 0.0214487645868 2.38065886417e-12 1.23886016995e-10 2.43312184026e-14 0.118543388993 3.89410160359e-05 0.00224204659598 1.87465745076e-06 
0.0225956458889 5.65410695219e-19 9.27546491996e-06 0.00366734354749 1.79887732486e-11 0.000447512378196 2.20376918503e-09 3.78473145361e-07 0.0338606376749 0.00609728295645 0.00127518166734 0.471300517875 4.47788971438e-06 9.66659842469e-17 4.71062532019e-17 9.60957540872e-07 0.00303290838176 4.23339533729e-06 0.45768715562 1.64856072647e-05 
1.4792194455e-05 0.00269350367551 1.0464050734e-22 1.75501370278e-05 0.614361470724 0.00138426701939 1.29912881662e-12 3.59901726809e-12 0.00499580554962 1.98732067013e-11 0.315570515695 1.24323347012e-05 1.19910798089e-17 0.044106794762 2.66590538878e-06 1.18671218422e-12 0.00337723556514 9.05617586591e-13 0.0134604194509 2.54696049976e-06 
1.29879491308e-11 9.57552483868e-20 0.00256791761031 2.60678198671e-06 1.55297679642e-09 9.18188761447e-07 7.90745463527e-15 0.629723770272 2.98913090803e-12 0.083236453578 1.32619605932e-11 4.24983332219e-16 1.28538824848e-34 0.00998061217857 0.119370868875 3.58836416579e-13 0.112243014842 1.34310791568e-14 1.36595505928e-15 0.0428738360898 
5.81849687765e-12 0.1505954504 2.9109778898e-32 0.0162826914921 3.52078780007e-07 6.24311731927e-12 7.91558228903e-06 8.8786974815e-05 9.4062069211e-07 1.49083356364e-06 1.98328433057e-06 0.0638616225667 0.456548314046 1.35725417692e-11 1.58204690723e-07 0.0156191118396 0.2708004863 0.0245719673251 0.000149040970675 0.00146968745486 
6.84774435993e-06 2.45911685626e-07 0.00010368477424 1.63376626622e-05 8.5652602833e-05 9.61828505141e-10 3.56313770489e-13 0.019561122372 0.203975749334 0.000463761474641 0.554046585924 0.0281080318612 9.15993628155e-05 7.95696223247e-10 6.21975066149e-11 7.29734247478e-10 0.00428329725928 0.0179682033433 0.171288877823 5.26208777097e-13 
1.43699492125e-15 0.426737767719 6.47996025852e-06 0.543712622974 0.0129712102099 1.37703963189e-14 0.00343794760217 5.69310494524e-08 2.67540329684e-07 0.00374374688213 8.49249041727e-13 0.00697508709866 7.54045949622e-09 8.02781275113e-15 1.32300431929e-10 0.00241357805437 4.05028385305e-08 1.16046522591e-06 6.51192842577e-15 2.63870784471e-08 
0.00292015899789 0.263843267459 1.87770762641e-13 4.32864437802e-07 3.82133040747e-09 5.00681261798e-19 1.64977388904e-10 0.0696525481293 2.4146404994e-12 1.20321247271e-05 6.25683909895e-16 0.0862145783702 4.13063591871e-05 3.27376054599e-15 0.164756779775 0.117809195845 0.00359279380417 0.00147027482639 0.00175519468578 0.28793143277 
3.10414397456e-06 0.0668018675724 6.36579880254e-09 4.4200854392e-08 0.655677098152 4.03065720137e-09 3.39386470114e-05 0.000684944501034 5.94648042854e-17 3.66932412464e-09 2.17340514988e-05 3.03245699889e-28 0.000960607076935 5.82881939916e-06 5.71644013373e-27 1.36980375409e-20 2.75759400738e-15 5.08175915093e-17 0.27502146678 0.000789351988551 
7.19235404254e-19 3.42341757584e-11 0.0642730429132 0.000762929961429 0.000154181484339 0.00926475115747 9.10023102472e-17 8.47443980566e-09 7.40022578939e-05 2.03596925124e-22 1.23174218584e-10 1.83667132219e-07 3.97986977307e-05 5.65696521261e-05 0.367366873653 2.98683174638e-14 0.187027943071 0.203673386311 0.1673063285 4.18612865234e-11 
0.0288457755113 1.54360735294e-11 0.304756020461 0.0318834074164 0.333899852161 0.0113039694058 1.47436815312e-21 1.4424745282e-05 0.000256666535253 5.33238042038e-11 6.50558059383e-09 0.269153255667 0.0127019037106 4.19209580868e-05 7.2066681895e-07 1.10024705857e-15 9.63005785809e-12 0.00315072298886 0.00399135318795 1.93587573772e-16 
4.97479567704e-09 2.7338601989e-08 3.93229262586e-08 5.87447549287e-19 1.06953945472e-06 2.25090427088e-08 9.2833914063e-05 0.0522134606146 1.74794602999e-18 0.617293556681 1.65690786576e-07 2.09149883827e-20 0.000208787319093 0.0657118289419 0.206508743998 0.0549520453064 2.18930701284e-09 9.3292230228e-07 0.00301647748035 1.25741995372e-09 
3.33696521134e-06 0.309021577729 8.21450903958e-25 3.19226379113e-06 0.000998879465411 1.59767026687e-08 0.174285533398 0.124368525836 6.19058579865e-08 8.45981569375e-10 0.373313612104 0.000628059886586 4.11636734736e-07 4.48007753985e-05 0.0173186926359 9.42716294788e-17 3.03674695771e-19 2.46317679681e-11 1.32985049895e-05 4.68627391029e-11 
5.66781712339e-16 0.243676420137 0.000686055998243 1.35412400448e-21 4.47123655762e-09 3.68648168476e-06 3.3668367536e-10 4.09785193647e-12 4.81252365792e-09 0.00115046849981 0.630787394679 3.01631828033e-25 0.00644777943074 3.05765762915e-17 0.00953055559523 0.00279734126562 0.104420914605 2.05874545485e-06 0.000464428321204 3.28866168039e-05 
3.85830642293e-06 5.21200079342e-06 2.86308631342e-30 0.0702824989961 1.42072493937e-16 1.72705225883e-07 0.0752550151475 3.94120222781e-08 4.13975657502e-23 0.718730524303 2.86568135729e-07 3.4131715732e-08 1.23211172503e-07 0.0181795743081 0.00204662545418 0.113479366612 5.79042337324e-05 3.43003698818e-08 0.00195463377934 4.09653060244e-06 
0.00212974502502 0.254145939849 0.000158091977765 1.19047091577e-05 0.0079824663559 2.05454295375e-06 1.45857366603e-10 1.63020096832e-13 5.7726607473e-22 0.0343994957548 0.000302294122472 0.111556895391 2.71943969134e-13 0.121302465334 0.353546340751 0.0392704047348 2.95539755955e-06 0.00228983493656 0.0728991109705 5.45890860911e-30 
0.00020588242383 2.47719128264e-10 0.763171810366 0.0882879642033 1.08322342845e-07 3.10083941204e-05 3.67959464207e-17 5.62792615967e-08 7.42986361362e-08 0.0571079701404 5.51348188561e-17 4.66666995251e-09 1.92089871313e-25 6.02877094824e-44 0.000274992078818 0.000577617506736 2.2067576918e-19 0.00516998143677 2.21608761279e-22 0.0851725296357 
4.41372977293e-15 0.660831690038 0.000765396097906 7.64098852545e-16 4.58694556979e-14 0.000299057213244 4.19340280849e-07 0.00185026672372 8.20777614879e-15 2.0888445222e-07 3.3557061076e-08 8.37061518778e-07 3.07655525452e-10 1.93843850959e-12 0.229969686122 0.00466592431902 1.03926897092e-16 0.101583360876 3.31194452987e-05 1.11913317124e-11 
6.00160884036e-08 7.39685957435e-14 1.00000675453e-06 0.155672949282 1.0288654849e-10 2.30705969512e-06 1.44424618315e-19 1.59340071701e-06 9.22648565401e-15 9.81303925122e-45 4.78278794182e-05 0.018882131248 0.00274480847268 0.498936691462 4.70401540578e-08 6.65410012478e-08 2.96610221139e-05 0.322996861638 0.000600127430885 8.38673961378e-05 
0.00327366794457 0.000112242373491 0.338681052438 0.0118083719406 1.54437625118e-05 5.23851597414e-08 0.0143402681419 0.00101013484778 0.000297207523287 0.00134873961705 7.89217180997e-05 0.585945994808 4.30203684121e-05 8.19270899549e-06 8.37292147835e-07 4.55931269118e-12 0.0428973841578 3.92860190165e-06 0.000134539310841 5.46422075456e-11 
8.1648060296e-25 1.60973948239e-25 1.57732209102e-07 0.132010435145 5.04470518485e-11 1.8836100169e-08 9.25255447372e-10 0.115070364849 6.255583743e-11 1.22811639574e-05 1.64016283131e-11 0.204850862211 0.432771545615 0.000173222812494 3.76185004513e-05 1.70266900773e-05 0.00770037936704 0.107185650607 8.87608422569e-09 0.00017042654008 
2.25191175787e-08 0.00287615894029 3.22762123667e-11 0.000122882601879 3.19877614782e-12 0.178507638721 1.14562469147e-13 0.0171037893836 1.62300096622e-31 0.664909937888 1.54468063145e-19 1.74868829074e-05 0.0730999852081 2.08587538836e-10 3.35783130251e-08 2.46412669674e-42 4.33545303628e-06 4.72130289293e-14 2.92918426838e-34 0.0633577285797 
2.72887468004e-05 6.77293144036e-11 4.76843179183e-08 3.19565230552e-14 3.0021686878e-07 0.00235707469892 5.21130275536e-24 8.63569547577e-09 9.7463391208e-18 0.00162907670969 0.016799970454 1.10997576311e-28 8.76735917526e-12 0.00748346512628 1.12837403317e-19 0.9679088128 0.000253402349451 1.25273816482e-05 1.98106480682e-05 0.0035082144718 
9.2394083688e-18 0.085470229646 0.00652010290465 0.00709417259116 0.576943317579 2.39672801018e-14 0.00546194386942 0.0332685615496 0.000623597541214 0.042909839744 1.80667582218e-13 6.39016203249e-17 0.100979660676 0.000132524590273 0.112636109087 4.97637967581e-10 0.00936576514504 0.0184441819779 0.000149992600743 1.4618866135e-20 
1.6103674096e-15 1.0250473043e-06 0.0145021793894 7.71462990852e-05 2.16963712245e-05 7.92290091609e-11 1.90127236929e-06 0.303048915248 1.59253399645e-06 8.44480842738e-11 4.99439871155e-05 0.230675773079 0.00015743742694 0.000115128549474 1.39595080275e-08 0.000550972742483 0.000475582492083 0.00117891114402 0.449141780293 7.22792334802e-13 
0.0182989205755 2.696184968e-05 4.05422171137e-24 4.35049239777e-08 0.551799359005 5.09062194311e-11 1.15887219189e-12 2.74410008997e-13 0.0711967117848 0.000287142730442 5.6620885724e-06 0.227415082592 3.44766746227e-15 0.00425170414618 1.14388086101e-14 4.33900429137e-08 0.0392293234565 0.087458945932 3.0098891188e-05 2.64818760745e-14 
6.47358404712e-11 0.844243725581 1.84018074436e-10 5.28754480392e-05 0.000924343827191 0.000113950314029 3.61913753298e-06 4.42291604339e-10 0.00709878476607 0.000138595455485 7.15265088877e-21 1.05673453354e-07 3.83996410383e-07 2.72587937982e-11 1.13539567527e-06 3.15445350246e-12 0.026866710274 0.0438957289775 0.0766600402247 2.07778312475e-10 
2.80407507148e-08 4.33743094765e-05 5.42021738806e-12 0.164466596777 9.62313370943e-08 1.4950298092e-09 0.550585948728 0.00616098797539 1.52378537001e-09 4.64629228435e-10 0.000337776861028 1.32131693599e-07 1.39911843397e-08 0.00612450446085 0.000123590121929 0.00631349965877 0.214081754933 8.60129567722e-07 0.051590980619 0.000169851541623 
1.52201186202e-09 3.3139468899e-42 0.910979564554 1.37497541652e-39 0.0408370861462 1.48213560377e-13 1.59419373773e-08 0.00704356412761 0.00625439343257 9.93248333688e-13 0.00356724161335 0.0101399512714 4.99971440983e-05 2.23552681092e-07 4.54972567443e-05 9.19225735967e-12 5.6573491586e-05 1.09959304359e-16 0.0207704776593 0.000255412276364 
4.0188592641e-13 0.0348712273016 0.0586880244044 1.24006765323e-17 3.28788734439e-07 8.04177886646e-11 0.0020391221266 3.66720260433e-13 3.30479680155e-14 6.17333745788e-18 1.4160714053e-10 0.0769834697388 0.000206755430543 1.23908129801e-12 1.01075646099e-11 2.04160012339e-09 0.0933413782072 0.659636659864 8.53367218646e-09 0.0742330233289 
4.36735092356e-18 4.99754457267e-10 2.55697716908e-13 7.66831941338e-18 1.40252292193e-06 6.08522068248e-06 2.77731358888e-32 0.59627392638 0.040051480766 1.36526605575e-13 0.00175990167795 0.330722639233 6.60008272422e-07 1.0586030078e-08 0.000141589483991 1.0687267309e-27 3.37760327027e-08 0.0309495902975 9.26795472904e-05 7.27736780364e-19 
7.9825824273e-18 7.22775428816e-06 0.0016111431051 8.35920568552e-13 1.56716009381e-05 4.23761598562e-05 3.48116593184e-07 0.000691446343905 0.690034286284 0.279902313996 1.59102195665e-13 1.03078515222e-13 4.59250524802e-06 4.23995776648e-12 2.01726133082e-16 0.0225512038044 0.00513819897041 5.54227635914e-14 1.88610734098e-14 1.19135348425e-06 
0.0154859607687 2.5127506156e-19 3.85073198949e-12 0.00185826193147 0.0035624967489 4.91973418558e-07 2.38691152503e-10 0.000190595988555 2.03189915407e-12 3.4335076327e-05 0.973345815002 7.01730162139e-16 1.7881120558e-30 2.30035139751e-16 2.72035834659e-14 8.54211872277e-26 1.2179131111e-12 1.60415263048e-25 0.00552201419232 2.80720872628e-08 
8.24036287804e-10 0.0707880075458 7.50019409481e-12 0.0142831274534 0.0752568926269 0.000275900327818 0.771187086008 3.75917494361e-16 6.27693783704e-18 1.54950331837e-10 1.40637994804e-05 5.17030196463e-07 2.18888992292e-29 1.93715380288e-05 4.05579130533e-18 0.0680937055886 7.32940455575e-12 9.74066608987e-14 8.13270876627e-05 1.39545921593e-16 
5.28772037451e-25 1.4024287275e-10 0.445281640193 8.45768865737e-06 1.63101754252e-05 5.25801078415e-05 0.000629389733151 0.0101111180298 0.000930130763359 0.00222073528928 6.52453547105e-05 2.4988536458e-11 1.16677175661e-08 0.407370970542 1.84726891375e-07 0.0116986215279 0.12152928856 8.33100467051e-09 4.74977849394e-11 8.53070967765e-05 
8.63330631657e-10 1.10199695028e-05 0.0381018840901 2.98164691552e-07 2.98975192955e-05 7.84861233296e-27 0.0537725807955 0.00383629230984 4.28067587398e-06 0.0231734890628 0.742723587101 7.47044151724e-08 0.0192956216435 0.000261201664123 0.00647608162717 1.26328585418e-09 3.26011460084e-07 0.109927072012 1.07285995414e-12 0.00238629052042 
2.17805549353e-06 0.000433948675535 0.000653460773755 2.67887362313e-09 0.0053543118637 3.96507285577e-09 0.36129936219 2.98098696597e-08 2.64112403927e-05 0.000243043151123 0.0141569349531 0.00241464095754 1.3496949822e-19 0.12148747014 5.49970863658e-05 0.273121992802 1.11389595252e-10 4.62008226114e-11 0.22028671508 0.00046449641893 
2.66778071754e-20 0.00136512403774 2.34097188712e-11 0.0405666316078 0.220846139604 0.389854467672 1.22182546507e-06 2.25229514919e-20 2.345476395e-05 3.35667628397e-13 2.25249476606e-12 0.00859194114326 0.162427608685 2.51117885951e-09 1.82535908393e-09 2.40904500425e-16 1.54543418618e-11 0.0755808698089 1.86840869018e-21 0.100742536474 
0.384752598289 3.25336595654e-05 2.89234072112e-08 5.96793953562e-08 4.73103494018e-12 1.92754895013e-06 5.29780482578e-18 3.52878302647e-17 0.000293691351784 0.0534520745069 0.0861264520953 0.441582833807 5.29648821395e-10 3.50653458156e-31 0.00022815844328 0.0334865789605 9.49466387244e-20 4.30443867003e-05 1.68230436112e-09 1.6131492231e-08 
7.90057153478e-06 0.0408650248172 0.000895141660948 0.00411775465416 5.02800873086e-12 1.88522890447e-21 1.61323005808e-06 7.38106292427e-08 0.00076722096088 0.001437101004 0.0533630157052 5.48239642501e-11 0.50283286177 4.53314625429e-13 0.00076796463368 0.0204214612652 0.0226409889966 0.349142366415 0.0027395100702 3.74870893163e-10 
0.0492765815522 0.0170306255511 3.32925903784e-11 0.00451010394622 0.000122896361569 0.0725826639486 2.65489155559e-06 8.62304232168e-05 3.51356061849e-07 0.850479633946 5.06992681759e-06 4.17155385389e-09 1.38076620042e-06 3.2614942951e-22 8.85262556072e-15 0.00156065570149 0.00054309796544 3.20368880531e-05 1.42331174203e-05 0.00375177945305 
3.33618412269e-34 1.07137927035e-05 1.10856264232e-14 0.000356880913322 0.000157762380919 0.000138731327042 3.40677200335e-11 0.790952914708 4.40712170221e-06 0.101663455946 0.0126305699576 4.78330063949e-06 0.0721141795396 0.0011008808036 3.25464109089e-06 0.0175386781476 0.00178963154051 6.90816756974e-08 0.00153308676416 1.28442828038e-24 
7.23231989098e-13 9.11706841953e-16 0.248260457458 0.000447570944635 8.15573145497e-11 1.73733738556e-05 0.171778298977 5.10971444843e-16 5.61751310261e-12 3.08252094649e-14 2.45310991967e-05 0.000510313110489 0.0384445783994 0.010529022444 1.72779233634e-05 0.08962496508 0.420400491326 2.07723300237e-15 3.93371899251e-25 0.0199451197758 
5.55129734699e-08 3.06348426922e-07 1.39210341564e-05 2.02906407742e-11 3.29029620087e-05 1.48633250569e-32 2.21285790903e-05 0.972147394887 2.73444398618e-07 0.000248075177459 0.0247666292313 1.84462237954e-08 1.18495616627e-06 4.80684175434e-13 4.71582255426e-17 0.00100688459808 0.00162728131132 2.97946649722e-11 9.60231323283e-06 0.000123341147559 
2.69623924526e-22 0.000357266170119 0.860044492984 5.05256548096e-06 0.000207675107709 2.5927564099e-18 0.0189092629011 7.64749349498e-06 0.0183045310029 0.0404725809898 1.87562730433e-11 4.72002428729e-07 1.66237491274e-10 7.99450471228e-11 1.90155870526e-14 0.0338247571334 1.41395187967e-09 0.0271777507867 0.000688481580145 2.76033602049e-08 
1.20479853901e-10 2.70705859088e-05 0.000152483296132 0.0161742981663 0.11068463277 1.40659814487e-05 1.73257389487e-05 0.46638303986 0.0138120148601 3.73661522065e-06 0.105695912084 0.000191642131206 6.89011687623e-06 1.25668633587e-19 0.0105008074785 0.205298649801 8.04746556229e-07 5.11404361577e-11 0.0710366255962 1.33316165186e-17 
0.00422361290686 0.00904715266292 8.60710609526e-11 8.07135246332e-07 8.13232505295e-25 2.15428930537e-09 0.0271663049331 4.56851136489e-07 0.000315076800372 7.00215958563e-16 0.000687608018485 5.03599747527e-17 0.00711187892182 0.475992944791 3.84830836122e-09 2.51836724739e-30 0.373104186016 3.7612690647e-08 0.00696587686013 0.0953840504021 
0.00868931365525 3.80587677562e-16 6.45394677186e-07 0.00110064557968 0.00321704230989 4.6196263484e-14 8.44926341784e-18 0.0353792955526 0.0441100366168 1.57483890992e-14 8.2286700953e-29 0.879585627588 0.00197862691598 1.32908404514e-10 2.93607969771e-07 3.63419260381e-08 0.0259361346597 1.52013165247e-07 2.14957807411e-06 5.33894002899e-11 
8.79275296842e-12 0.0656425833432 4.21388408324e-14 7.5162890539e-09 7.10557830344e-19 0.0282844534486 4.39697532416e-12 1.94784299203e-12 0.000150692092607 0.0480908625615 4.22015555518e-11 0.000144308589392 8.51822163761e-16 3.30858531169e-08 0.12360878626 0.303049889592 0.135809217365 0.200829726167 5.84600766189e-05 0.0943309798461 
6.91487500105e-13 1.84995593071e-08 8.49488284542e-15 8.01418424264e-07 3.15916587065e-18 2.69570045994e-21 5.53933529621e-12 0.00565609256389 3.86707663629e-09 6.19611724043e-05 2.11360061577e-06 6.9153412116e-10 9.28956943819e-10 7.73450916424e-05 0.0140201240637 0.637847200074 0.323726209028 0.0186081017577 2.72337836163e-08 2.37694720327e-12 
2.71835800903e-09 0.869017604843 4.08218672441e-09 0.000405974311026 1.31345991876e-09 1.52617051244e-16 0.017554820754 4.66300365602e-06 3.29567454392e-05 4.39743623767e-08 3.87844221755e-12 5.96966424307e-09 3.81689360217e-06 2.79589652973e-06 5.88727342732e-19 0.000571055529 0.112399413047 5.23874945776e-06 2.19148347307e-26 1.60216518842e-06 
1.88834523258e-09 9.87727299198e-18 0.00238096426837 0.000100114138626 0.00404845538779 0.0450833656796 3.89314936499e-08 0.838948832264 5.54564986754e-09 0.0787949229877 3.90387788004e-05 1.28374595044e-05 2.96095071165e-10 1.32658356304e-05 8.05349707794e-09 1.74523015564e-21 9.36737021183e-21 9.66158314554e-06 0.00251125840734 0.028057228494 
2.74436591687e-05 0.299783571252 0.0368603353765 1.23448149638e-07 3.98352178354e-07 0.139942341291 1.69977577177e-06 1.39936396438e-09 0.000356560611651 0.204003686444 0.127245944928 6.7620876127e-14 6.694509186e-16 4.9938618887e-05 0.0210342859778 0.0438947272879 0.000133809065845 1.08694859063e-15 2.18545301902e-12 0.12666513251 
5.71177131757e-05 3.67634779586e-23 7.97780083003e-05 2.17148315477e-08 3.18275867461e-11 1.58194658335e-12 2.2340354491e-15 0.0296180214088 0.127317220215 2.06932033646e-09 3.06314181676e-05 4.10980638285e-14 0.00341184182418 6.30717601483e-08 3.92416811932e-05 9.74592581286e-07 0.0339607178943 3.41620464372e-08 0.737080443209 0.0684038909835 
4.85516557071e-09 0.0221198971504 2.22979623049e-08 7.30254019949e-25 0.321259311885 2.22524299433e-06 2.11758833913e-08 0.0604109214215 1.05379107208e-12 1.35003639996e-07 6.17455666207e-09 6.82083527246e-07 4.01779784904e-06 0.486582390747 0.0281981812683 0.0153831855695 0.00102079241903 0.00498353922731 3.62148035178e-16 0.06003466568 
7.46478812448e-07 5.90592205309e-10 1.21530501909e-14 1.3226470854e-08 0.0413731315061 2.63028660934e-05 0.358943652403 7.48589141714e-22 0.00966029237741 7.51641286416e-06 6.78428201785e-06 0.0247890852635 0.000268441279993 9.07825173303e-13 9.16477035196e-06 0.555449017481 0.00226039761405 9.58847534175e-06 0.00679546599891 0.00040039897218 
1.40944513013e-06 4.52981971155e-16 1.00922834746e-07 0.00487058342421 0.207585254381 8.92857156541e-33 0.00473110951083 1.42487061055e-11 0.000994723384856 0.00281874215775 0.635561288807 0.0419688761251 1.18361123881e-10 0.000337503993819 8.15088189188e-05 0.00432200411351 0.0010870944341 0.0956182798903 2.15056676008e-05 1.47898152189e-08 
1.62977081252e-11 0.00102576036916 0.00141957593789 3.15882342034e-06 0.132490799888 0.0843483432371 0.00372618500075 0.00015145245316 1.18717529057e-24 0.225454763735 0.454040993901 5.93964785462e-05 1.06144925812e-23 0.0329784223065 1.68741706748e-11 4.41256566751e-08 0.00673296874698 0.00387915380888 0.0404445674197 0.0132444137354 
7.79510267347e-10 0.00530111124199 0.0134543552775 2.67554475528e-05 0.0030063470922 4.82012297204e-18 2.79762497072e-17 0.0185939118369 0.000150243461015 3.95442023608e-08 0.00422895376362 0.889698234678 5.59826412142e-21 1.26940830509e-08 2.90900956727e-09 0.0410732956632 0.0239420868023 1.51497290443e-10 0.000524602977985 4.56794239508e-08 
1.77192402361e-08 0.55223279098 0.256281380355 3.04796864772e-06 0.00380579711775 2.8873408749e-07 8.17128972499e-07 1.55094588203e-22 2.93344473477e-12 0.00226491417514 3.74795674587e-10 0.000369127908336 0.00273851812212 1.82686213094e-06 6.55778838888e-15 0.106612769543 1.72939196913e-14 0.0565930728015 0.0190956302068 3.796471207e-19 
7.22733647431e-10 0.0417427347103 0.000101863120368 0.026716909908 0.0930913976327 0.170953627736 0.000109315640515 2.06086479844e-05 1.38414001368e-10 7.91686562145e-06 5.28448719119e-05 1.52150030572e-05 4.98922833359e-07 0.000297430235967 0.131825953692 3.54743077617e-06 1.9740763476e-19 9.18700676154e-05 0.533907138688 0.00106112596599 
0.0414965325237 0.0790159587145 1.18281490702e-22 6.22411196581e-06 2.06473979503e-25 0.591557943331 4.47461512129e-05 3.01291994513e-14 4.90894929195e-06 0.00058793615792 0.00055546723619 2.19704218693e-07 0.0264313445461 0.0587637093763 0.147564825713 0.0467823002638 0.00256832109026 0.00166789252295 8.25013629043e-09 0.0029516613574 
0.0208077037836 1.07869109701e-23 0.000319113167657 1.14869752551e-06 0.00284542772263 1.06383597326e-06 1.8269234346e-05 2.22525615083e-07 6.04983328104e-06 0.00135702450607 3.10189908502e-19 0.000121936340176 5.35735399177e-06 9.9954998164e-15 1.66604374487e-06 1.64250450392e-06 0.974104037129 0.000268726255276 0.000140611066557 1.0194346091e-14 
1.74490222416e-05 2.65294649529e-06 8.13000545456e-21 0.000152056976402 5.47485318384e-25 2.41401167025e-13 4.60096857193e-12 1.25313428317e-16 4.1714670313e-15 3.9288678867e-21 6.06428463738e-21 0.382963559649 1.76221536393e-25 3.85818695554e-06 9.02258418107e-10 1.28547178364e-31 0.0205856172315 0.447830676304 1.78090865971e-16 0.148444128776 
4.7531541338e-15 1.35180325033e-06 0.00115470083498 0.0461950316602 0.099878093474 1.58515876626e-26 1.23331091999e-11 0.000260727093498 0.00506935677189 1.53719291442e-12 1.17504175773e-11 7.18928388667e-08 0.050220123736 9.82777405062e-05 0.000139851986346 2.1491709194e-15 1.85853729874e-13 0.781199293227 0.000698449933915 0.0150846698201 
0.0188646030229 0.040631593086 3.70187723882e-07 1.10865020153e-08 1.09580406206e-05 1.00912652355e-18 0.00237179988353 1.7579923494e-09 1.35859950763e-05 0.59143516948 7.10644723601e-32 0.000672838757611 6.86127599506e-10 3.18440601774e-10 1.13633516708e-05 0.345916466756 7.12375896014e-05 5.55879889547e-19 2.64560086109e-19 6.90558264383e-21 
0.109675486008 1.3919779643e-05 1.16848845346e-10 0.070840363697 6.04537370285e-05 8.71482928992e-07 0.000377703913074 9.44592428405e-09 2.38309369193e-08 0.00363223613235 0.0038889705535 0.000753038911822 0.00183497442738 1.13129266671e-16 0.00012513639875 0.000192124086501 0.808600658606 6.81637953027e-17 4.02887217873e-06 5.56153518545e-38 
4.58095898437e-08 1.219674866e-06 6.10806819657e-05 3.81987057383e-16 0.00351508730583 4.67706984632e-09 6.99610396207e-08 0.0514588093521 1.95770197328e-08 1.45178750765e-07 6.3160242763e-15 0.0191622905332 0.307927000437 1.82368847951e-07 0.471788290167 2.19789192083e-12 1.06684743638e-16 0.146083264085 2.490188182e-06 1.84299820109e-13 
1.54929408265e-22 1.16686740832e-13 0.000795108541509 1.10907174747e-14 1.48456801342e-32 0.00062073198978 3.07732392667e-34 5.95955694743e-17 3.43833123426e-06 0.0292628156819 0.369509141349 0.237448921055 1.80070952428e-13 0.000116473729797 0.362130120405 1.8692207902e-08 4.98519817879e-15 0.000113147590617 8.26331329936e-08 4.32314799151e-16 
0.0574990417795 0.455005920961 0.0226532174665 6.3646919526e-15 1.46010402321e-15 0.374953156783 2.27758833394e-19 1.27170630018e-12 7.6998149329e-11 2.51457851706e-05 5.69815543082e-07 0.000324010073617 0.048437604524 9.87485692867e-07 1.27201489097e-20 7.93805658956e-06 0.000255157674521 5.09348758967e-12 5.75962770449e-08 0.0408371919149 
1.64115889063e-13 1.21045093411e-40 0.00048921483669 1.46285773213e-14 0.000242932200586 0.181810990376 1.51601760771e-13 0.138877471087 0.00481836683697 1.30654653433e-05 5.06461229902e-12 9.50961449431e-05 0.000233282420871 3.9717498671e-05 5.18523440749e-09 1.33041367239e-10 0.671680176785 4.3790085535e-10 0.00156923215879 0.00013044842692 
3.96866197017e-06 4.33892623285e-24 2.30968579077e-23 0.00104764742967 6.83515806829e-13 0.549450544001 2.57360032364e-06 1.81236486766e-10 0.311611661754 0.0199409517379 8.01022921452e-22 0.000526802308422 1.10640841219e-09 9.65181231225e-44 0.00387743315426 5.04153192949e-07 2.94892981392e-11 2.86648785179e-05 1.93096398992e-14 0.113509247003 
0.00230356474715 8.82814476207e-05 1.51164991415e-08 9.39106093465e-11 0.00430314373624 3.92234858141e-10 0.000261211934104 0.00162953434638 1.76365875069e-19 0.000298709164533 9.60380066597e-06 3.14075707904e-11 2.03977635677e-20 0.000596166925915 3.72675707386e-06 0.975361293734 0.0123585861922 2.56115608878e-05 3.58072912104e-07 0.00276019194623 
