1.40016647147e-06 2.63052159051e-11 3.83369125381e-06 0.848525526532 0.0374997562394 1.15831534864e-05 1.28023480727e-06 0.0090862198667 4.13510898121e-12 3.70078312427e-13 0.0916697850861 5.40967701398e-11 0.000101266011081 5.54768684571e-08 2.13161751592e-12 1.0766518688e-10 0.0130955066431 1.8895907527e-21 1.16877150647e-10 3.78658685404e-06 
6.1526246246e-05 3.93774251336e-05 9.45183790219e-12 6.17838240238e-15 3.58331897101e-06 1.1094539041e-06 0.357059717092 0.000124142441251 0.527798243829 0.00178246850993 1.83455439305e-11 8.90900371113e-16 0.000261201406939 0.0367545600846 1.01619336207e-08 4.11479711449e-10 0.0753829634684 8.01746436123e-09 0.000731088105518 5.04042222477e-27 
2.94459804606e-17 4.05515525151e-09 3.20890316929e-08 0.0182210514899 0.00610920289844 6.90277183464e-15 1.24418047851e-10 1.10561262278e-05 0.0153848382243 0.0926393166189 0.036152225983 1.93344997445e-10 6.61844544768e-05 3.52138799301e-07 1.76426548572e-08 0.660301660675 1.37010427171e-07 0.00819250271773 8.77622019117e-08 0.162921329796 
0.00501933008923 6.81688444034e-13 0.0927963491624 0.0124447874015 0.0114314995178 0.00346102995139 0.585722265238 0.27931950377 2.41435204903e-18 3.96503998224e-11 0.00235728055484 0.000991152113447 0.000574608353012 8.54049956442e-06 5.1996379622e-05 1.91361336693e-07 0.00158246444351 0.00144109722856 0.00279790326694 6.27984386029e-10 
6.67134692699e-40 1.84473163196e-12 0.000113266020291 0.0465573183661 1.60281579013e-12 2.50065992372e-11 0.00012868464027 0.0282128915512 1.59655585762e-28 8.73568567486e-20 0.0419061015937 0.0270164564033 0.0112823809225 2.38644824578e-08 6.14975796445e-11 1.23491378369e-14 0.00465492920387 0.0543488465966 0.783471857116 0.00230724363217 
2.50289905309e-11 0.639066227987 1.13391959494e-13 1.86110214877e-13 0.200775103104 1.82030758368e-12 0.00532717509437 0.000412977288359 1.09360795179e-10 0.00682062569072 6.88968266322e-07 1.90985162785e-05 1.04274318053e-05 5.72867075686e-15 1.30815319938e-06 0.147529645475 1.29699544076e-14 3.29485397835e-05 1.08309664055e-06 2.69051893954e-06 
0.0280471057062 1.12569305259e-21 5.88545295922e-08 1.83830775505e-09 9.5865915054e-12 0.00191016406168 8.68815060608e-13 4.44683207977e-05 0.0109334393401 0.595484779777 1.07426528716e-14 3.58481957625e-24 0.0010991000076 0.0416739646625 9.34994410474e-08 2.03420807411e-12 9.9248001928e-10 9.90195668055e-09 1.69375410175e-07 0.320806643649 
3.39214122006e-16 2.70493620891e-18 0.263613552641 0.000696282381508 0.00809738580719 3.45018086128e-23 5.52742912819e-07 0.0983805676332 0.364654010527 3.15958053105e-15 8.15948963041e-09 1.40699145297e-06 1.71677289132e-22 0.0677531503342 0.120670441172 2.87672442512e-18 0.00139718772761 0.0747352805728 6.58990749017e-13 1.73309995299e-07 
0.0473854595517 4.44196442952e-17 0.000939728760725 0.00153772460765 0.000226890715413 0.0721358062067 2.28521323279e-08 2.44795252909e-26 0.0561163744159 1.11791883099e-08 0.00415814399086 2.18503367931e-20 2.43715036717e-27 0.368659298419 0.00312482629534 1.8518870206e-12 0.383807366604 0.0531359152083 5.75679754343e-06 0.00876667439392 
1.50406527892e-09 1.37324941909e-05 0.209655736525 1.30899584699e-05 1.87942349225e-21 0.278741916774 3.26370451168e-16 3.57467137081e-09 0.251632877024 1.14027466058e-16 1.87411283441e-07 2.48856614655e-06 0.000857687068517 1.55145255634e-23 0.0115122361145 2.74354202298e-09 3.65303290558e-15 0.2439199206 0.00365011936046 2.81901367965e-10 
0.170530596506 1.42300098264e-16 0.00666936548558 1.41827773122e-07 2.38243144722e-29 9.57334436504e-06 0.00893796483257 0.26354813505 0.000958099405355 0.13757230299 9.35635520772e-14 2.98712996444e-08 5.52353123954e-20 0.106254045721 0.000344576778796 1.04140406097e-15 5.85412948093e-07 0.305172401528 1.16689502608e-07 2.06455663688e-06 
1.3257768615e-26 5.51127098399e-14 2.42867475333e-11 1.87963208354e-05 0.000351012895911 1.71365629357e-26 0.0321690070808 0.0083584028223 0.00829567700165 0.00186454870087 1.55306935324e-11 0.0732834810279 1.05394929001e-11 4.27080073415e-23 5.91362083943e-05 2.71407110156e-10 0.00236278846718 0.0216904816843 7.49643432664e-08 0.851546592504 
0.0526189092382 3.83082324793e-23 1.08309777254e-06 2.54618984985e-07 0.261011610545 4.79037814892e-07 3.10351199531e-09 0.0417255376978 1.7306021429e-11 0.128662295624 7.28129186653e-28 0.00548124970413 5.48941261117e-08 0.496514992967 0.00287175630646 0.000730028802955 0.00570758185146 0.0041985360356 0.000475610091068 1.63662139202e-08 
1.87064616639e-10 0.000932909803974 1.62876150776e-10 0.0771586876963 0.0540661966693 3.81018551706e-25 0.116144138681 5.40763368594e-05 0.000242038621306 5.71294464037e-13 5.1831519788e-07 1.7648535069e-07 0.296510588321 1.11477774638e-08 0.356623078426 0.00143351759156 1.84907200295e-20 0.0676682393003 0.0275170654689 0.00164875678463 
8.89921780088e-06 2.57847221802e-09 2.96460688091e-05 4.27098668652e-10 8.79037948739e-14 0.000780493864861 0.00946815085366 2.95563237009e-06 2.84480340854e-06 0.0118622163943 0.000535046327842 3.11298772298e-14 8.19616508769e-09 0.000134251941254 0.138145756552 0.289092574327 0.522256147806 9.96099896946e-23 0.0253887893137 0.00229221569599 
0.000605432844153 0.00114763346067 4.93065065325e-06 3.04099262328e-15 4.71854960593e-14 1.70473178071e-05 2.55630011934e-06 1.81059874084e-13 0.000246086698484 0.844256081617 9.56611610005e-09 1.13310830734e-26 1.50728092978e-14 0.0487973987221 5.4552141816e-13 0.103436413037 0.000148930696067 0.00128736440659 2.97659395264e-05 2.0348742984e-05 
8.02239184064e-11 2.76263711805e-11 9.86126633291e-07 3.82370669158e-05 6.17950498999e-08 2.25777405673e-11 1.27220025929e-05 1.75528301781e-23 0.768090065928 0.00740333381729 0.0127302150641 0.0213797099655 0.00897037584732 2.21872694479e-07 0.00271675678359 0.00579910555041 4.40716024819e-05 0.170860055176 4.04686494116e-14 0.00195408127078 
7.2867562419e-08 3.13442532696e-09 9.51612399589e-17 5.41681028849e-08 0.249253361895 4.07273524046e-10 1.84686449562e-07 0.0013105085927 8.58804679574e-13 0.652045554508 0.00639019856525 8.92543782949e-07 2.29267366537e-19 1.77382832404e-10 0.000269020725684 0.00322333507819 0.0105082707469 0.000366350680248 3.75890498261e-06 0.0766284323171 
2.86213202865e-28 5.76124544175e-30 0.027131944819 3.0525745382e-05 0.908065986213 1.52381339137e-06 0.0386612445278 0.0113303750904 2.14162470937e-07 0.000417671135726 9.68196808601e-07 1.31026558279e-08 0.00150300597958 3.13248696191e-40 1.81407394757e-18 2.07124934857e-07 1.81185127831e-05 0.0118323611719 8.81870488556e-06 0.000997021699035 
0.000350563425191 2.9876687227e-21 3.22536510448e-08 0.00096428686926 6.50117027505e-12 2.13374205875e-22 0.0212973019011 4.27951481808e-17 0.0076287187128 8.97067241545e-20 0.021187452864 1.34599572759e-21 0.127040870948 2.59596820401e-08 5.25555170373e-09 0.000366607458911 0.00198004473374 1.09690472668e-05 0.78922741931 0.0299457012545 
3.70491654328e-05 2.92247102652e-10 0.00162714273968 3.69773281199e-10 2.21254042059e-15 1.2294881045e-22 0.000127605058802 9.02165920995e-20 6.53388677608e-29 5.64252745809e-28 0.00972784273455 0.0126026727059 0.953927926505 2.25588441888e-30 9.73083943469e-07 0.0130454877986 0.00753879713224 0.00136448589691 9.01364423416e-27 1.6516904249e-08 
5.24076867426e-05 0.00813616242889 0.21060812974 0.0998030353012 0.143163338276 1.48307380616e-06 4.12590116098e-17 3.55062141571e-05 2.54783885747e-07 0.0187981637523 2.80848771661e-06 2.16820242543e-12 4.43258618234e-06 1.10943838178e-05 1.24354303131e-10 6.81665346464e-05 0.519301452972 1.09458258159e-08 1.35527031611e-05 3.21100201069e-12 
5.16747090766e-11 9.21809260591e-10 1.10595484822e-17 0.00179611790771 0.322450601261 0.00159958400557 0.000150897821426 0.0940657723823 2.30537396174e-08 0.00688054527862 7.32141482625e-05 2.22582855745e-45 0.14961266978 2.92776284785e-13 2.75389952724e-10 0.12227700404 1.24485089095e-05 2.48486013966e-06 0.222447819982 0.0786308157208 
9.03012954497e-16 0.000121157823241 0.000111400235273 6.0636758971e-11 0.0189558383858 3.4884398286e-05 2.68168883965e-08 1.1563356899e-05 8.63929022399e-08 0.832194947985 0.00291051946361 0.000561482402634 7.5964841843e-14 0.127809231047 1.26581268037e-08 1.7055920711e-16 3.83596288986e-05 4.96486914898e-08 5.01348841502e-14 0.017250439696 
3.92033160661e-16 2.23193114833e-30 0.334126989772 5.65898536023e-05 1.6549466293e-11 3.56434123591e-07 8.13591371753e-09 3.56803468966e-12 0.000176874465981 0.114244107025 1.70730919045e-05 0.00141195088619 0.406804728981 0.022018495434 0.053274738681 1.13218549692e-10 1.82771765218e-06 1.56793807178e-21 0.0649752588692 0.00289100051902 
1.99131860294e-13 0.0595072056517 0.036790941025 4.7566304354e-10 2.90062751255e-17 7.60359578888e-07 0.0350931664915 4.09801101748e-08 3.90418210436e-08 7.23763674382e-17 0.000643122483914 1.0659303662e-14 3.78463670265e-08 1.40592803341e-26 7.26032328624e-21 1.33878867057e-17 6.41031599033e-05 5.81928503921e-07 0.0393863085587 0.828513691997 
0.0414007224751 2.14913623088e-06 4.62195349803e-06 0.311757007746 2.78320213631e-07 4.46542013574e-12 5.01861606841e-21 3.80657039749e-06 0.00574710869752 0.000141829350481 0.107791038487 4.26640668596e-07 0.000408984956536 1.84970874482e-13 1.14938363465e-09 3.98532547786e-06 0.011311211436 0.521399599976 1.36802772281e-05 1.35474977936e-05 
3.33910093748e-13 7.92074085331e-17 0.622153613186 6.56171557293e-28 3.99581137937e-07 0.00172094956454 0.000330943027239 0.0744931368062 0.00162610350066 0.0292914933942 0.00483683728882 0.000219107584816 1.7262202772e-10 4.66303363591e-09 2.39997114424e-28 0.000194818284869 1.28409811449e-08 0.0293959363376 0.234266194742 0.00147044902508 
1.99651660562e-34 4.71665941276e-14 2.00877631188e-15 0.427048053289 0.00723821577334 0.198594807694 5.8895965053e-22 7.35156222822e-13 4.31824818698e-21 0.237608813304 3.08904134413e-46 3.19441484234e-08 2.6161126851e-16 5.52395437726e-09 5.42485590925e-11 0.000238237851597 2.41232714589e-06 0.00183711205469 0.000448828480395 0.126983481702 
3.0381611918e-06 7.27131432104e-11 6.6039744772e-15 1.20080079832e-27 5.27522385988e-06 2.42852256854e-16 4.1979720262e-07 0.00364978459161 0.000103498165488 0.24383592965 0.00927639583541 1.90359805771e-13 7.06173555573e-15 0.0471393120105 0.205562297073 0.00126309584634 0.0125652928496 3.41679826584e-07 0.0822100072591 0.394385311784 
2.21149399786e-07 2.70157206724e-05 3.04307079171e-07 0.0245436096731 2.08426590713e-06 3.17152472347e-10 1.40992191378e-08 1.15970018698e-10 2.48136475979e-05 5.28268362714e-06 2.90866110589e-08 0.0246513379954 1.72518642841e-35 3.25708583184e-05 1.55551363893e-08 0.885675745215 0.00145301121322 2.39139627316e-16 0.0635839392462 4.85072144997e-09 
1.18769962146e-10 6.6352553527e-22 0.00748636330487 3.79452189288e-05 7.65480167441e-17 1.18468663756e-12 1.06880480321e-12 2.665121001e-09 3.93019595353e-05 0.00200233752444 2.25955613576e-05 0.221745757319 7.72360687177e-13 2.05901919558e-08 0.00592365259896 4.94204183896e-08 2.15687277983e-16 1.76428919702e-07 6.26742963204e-06 0.762735529857 
0.0156322580494 4.15682517785e-09 1.64005042565e-05 0.00543904345539 0.118469074446 2.38875104539e-08 3.59268619835e-15 0.00146201836862 0.00385625921781 5.2092506978e-42 1.64592109002e-26 0.396050165397 9.03348573073e-07 1.36072379211e-15 0.00324766220998 0.000207967215042 9.03382237517e-05 0.000469101515149 0.454919960231 0.000138819774314 
0.000757653095664 2.30976690452e-14 0.000196366078948 5.52790180736e-06 2.18389127503e-07 0.0304555531182 2.00243460571e-09 0.126044365684 0.168341234493 5.29238070373e-09 2.67572943567e-10 8.7247371737e-34 0.00217232949983 0.217469192134 8.97268829956e-34 0.0146317735247 0.161077609914 0.18859157364 0.000186505463163 0.0900700895014 
8.03399776302e-07 8.72045728528e-10 5.44985142643e-16 9.85919087523e-07 3.47474943449e-09 1.74900611334e-09 4.6400504766e-06 1.54949939726e-23 9.43197704838e-12 0.0550646242542 6.88591251473e-12 2.96547834115e-06 1.52212019921e-05 0.000818176704768 0.906011651628 5.7303425626e-12 2.34365173178e-07 0.0380805388311 1.12408080672e-10 1.51936917228e-07 
2.51453587841e-05 5.5991899159e-10 0.330248596415 1.73761304132e-06 7.07805627383e-18 4.8536240556e-18 1.0772653975e-05 6.90863879577e-10 0.00407832513388 1.28547155422e-07 0.396477716554 0.133455522863 4.21944413529e-14 1.14738318249e-23 2.99504014912e-05 0.000648432291484 4.57595751005e-09 1.04892713297e-06 0.135019539136 3.07827780859e-06 
4.62519483136e-23 6.19396344558e-30 2.07092847233e-19 1.98457833195e-08 0.735701857028 0.104095790868 3.28150436524e-11 5.34740153771e-14 1.3394411434e-07 3.55537438274e-15 1.38403391745e-15 1.41305479867e-12 2.61707839272e-11 3.44499050219e-23 8.46216045683e-16 2.72021031831e-08 9.35033640034e-14 0.0079258603578 0.14611992832 0.0061563823735 
1.29455861973e-07 3.02786191089e-05 8.57857796147e-09 1.09266584771e-11 0.00449234191267 1.86279582456e-09 1.71676152895e-13 0.0126446381332 5.40307850178e-05 2.93598252576e-06 9.59769847674e-07 2.78920635261e-06 0.475291025603 2.48353390388e-13 1.52389833138e-06 4.36200357144e-12 0.00521823833864 0.000235903389467 5.64950039572e-08 0.502025137954 
3.15409389086e-10 0.00180450516113 0.156448535945 4.00016516407e-13 1.53600564565e-08 0.0612461366601 5.82408725522e-05 0.50595211506 1.18261184283e-06 0.075303211143 8.11239171412e-11 1.17167195946e-06 0.0846090891547 0.000177873464084 0.0500726322965 3.93357981049e-17 0.0324028956883 0.0319220646283 3.29885328404e-07 2.92629147546e-13 
0.088874614337 0.00354676610566 1.41954717218e-31 8.25709226316e-07 0.000231418633453 1.42451721861e-11 0.000314486865634 0.000443509220147 2.89885168585e-07 4.50960357721e-05 0.000472460314219 5.72782932336e-16 0.814861512241 1.29022873073e-18 5.34516129738e-09 1.89243829956e-11 0.00176258912787 4.20710869801e-07 5.84567696027e-12 0.0894460054299 
3.45543012409e-35 0.00281667077412 5.65101514669e-13 0.00533071732601 0.000367957804409 0.000714298179911 0.134745843895 0.00207449214004 0.00796406037135 3.23906063394e-16 5.16966216892e-05 0.254293371062 0.000909881469104 0.0204338201122 1.78802314379e-42 1.59928446034e-32 0.570297187877 1.37551547511e-09 1.44189254946e-15 9.91044342301e-10 
4.79414625216e-06 3.44789681854e-24 3.1230421585e-14 0.0569023255922 1.76299527593e-13 1.58626133746e-14 0.00157926235696 4.22413184417e-12 1.24775695192e-12 0.000629230416434 9.27800824884e-08 6.65134726584e-06 6.3800115341e-22 0.0590587249703 9.14784128925e-12 0.000848171131891 4.05485891571e-11 0.880857900526 6.33149296135e-05 4.95317478389e-05 
9.4823527072e-05 9.73917135811e-12 0.000182048587793 0.0011658540676 2.48738460391e-05 5.47036834364e-18 1.99864073524e-16 0.000168617122428 4.11765212271e-08 0.0569592096152 9.61634783601e-15 2.0598710541e-17 0.0224498506514 0.0653219994394 0.0269248897855 2.41393539125e-29 0.000216557911438 0.826491133742 9.50405937438e-08 5.477497949e-09 
0.110712056223 0.00259094687452 2.33882008757e-11 0.142460666654 2.50280478094e-11 0.0923249952564 0.00160627461391 3.21190796333e-11 6.28799159041e-32 3.25453161574e-10 5.10235374334e-06 4.65811324306e-29 0.597420890221 0.0516663637622 2.13597814789e-13 2.28679104211e-09 2.84537863222e-19 3.446702041e-15 0.00120756376557 5.13758252447e-06 
0.0335079836841 0.0771624502857 8.8378793217e-10 2.26555643659e-13 3.61186022931e-16 0.0960845501483 0.0562559674266 5.25692747382e-09 1.3080240762e-15 0.3070309271 0.117200030295 0.000648330246188 5.69493720588e-09 2.00800795296e-06 0.00492498356573 0.000166234217998 0.0720000003152 0.0844783501551 0.101899613344 0.0486385593724 
0.00413030900633 7.56072811445e-13 0.0102531232651 3.04501043047e-13 1.53409302795e-18 8.55293745272e-23 0.00165599054141 1.83596187679e-05 1.48869952695e-09 2.41165622492e-06 0.951435983333 3.91175094503e-41 1.44808907858e-05 6.05240591664e-12 1.86247550735e-11 3.76813056696e-10 0.00476239822576 0.000936868499612 0.000926939283746 0.0258631337883 
0.111957768153 0.0109320914597 0.000198270291437 0.145609589517 3.73290179154e-07 0.00501181952685 5.36188809531e-09 0.634575473768 0.0234107229043 9.39359804374e-07 0.0633281318422 0.00025156029258 0.00261025093789 0.000176165773344 3.04549825561e-25 3.91940812654e-13 7.65033916415e-13 0.000256851284033 7.85962993609e-05 0.00160138993762 
0.645790855245 1.14272060072e-13 1.7980501892e-12 5.85543185552e-07 8.74229775283e-05 8.98570290298e-08 1.57899806611e-11 0.00862274842264 0.192937986276 4.71298968021e-24 1.51779425935e-12 1.94205304105e-05 1.4637075492e-16 0.0607690581636 5.08898893082e-10 0.00868598744425 0.0156747454654 1.65537452268e-06 0.0672755151976 0.000133928973989 
7.66083175497e-07 2.13613902274e-09 4.5478386761e-10 2.12055113648e-10 0.00937634768802 2.89123350565e-05 2.68080555024e-06 0.000870232362157 3.82184634747e-09 0.0126188685915 3.04891965952e-07 1.35077850164e-08 5.07082225076e-11 0.000410909940821 5.02862292242e-06 0.302727288975 1.61588771559e-06 0.0025396365225 0.67141738711 1.98168300026e-14 
2.08692659977e-12 7.84352383106e-17 6.13302603099e-10 0.124104732831 6.41154813365e-27 0.0637136403656 0.0551227722097 0.0299507325034 0.666873183364 9.70888961167e-08 2.26845455325e-09 9.75886665454e-08 0.000701287983838 3.56987899399e-22 1.43572715209e-06 8.70097204747e-13 0.0131537214138 2.33640414884e-08 0.04637826808 4.59497854468e-09 
1.45577778557e-07 2.18193897966e-22 4.18473788358e-33 0.151551953512 0.00140340812972 9.6751969375e-32 0.0926019822423 2.49912264768e-06 0.0121600431275 1.88502713558e-12 3.07903901034e-13 0.0796904377683 6.11720922903e-13 0.000468176330679 7.81857363624e-14 5.57234029517e-32 8.36661812506e-06 0.645105265501 0.00060126597994 0.0164064560873 
9.34154014072e-11 0.0265176159279 1.46067654853e-06 0.572134521021 0.0444006426799 1.37466295544e-10 1.03188156476e-06 2.18418710343e-08 4.03698106209e-19 5.7617716608e-08 0.0353434469672 0.0180139308172 5.08425108049e-36 2.24601463669e-07 3.84666714763e-06 4.65907122612e-06 0.00689293881136 0.190880528986 0.0204069221349 0.0853981500667 
0.346115862554 0.000306857986475 0.00111181240601 0.0361492257672 0.00157647715176 0.112032330908 4.19873236872e-07 7.90052315129e-12 0.260959348533 3.01302667276e-09 5.79153425633e-17 0.239635712275 0.00168030006422 3.85883670885e-10 0.000422971409565 1.18454720257e-07 7.43992365962e-13 6.92500600562e-06 3.66697277678e-13 1.63420222831e-06 
5.30633792635e-12 6.95370966248e-11 0.00297099779886 0.365303956007 0.0162084284911 1.28874167661e-06 0.00410885874688 1.1826484834e-21 0.00123410624063 1.0630207015e-19 5.07311239004e-09 1.00599325624e-08 0.101730683424 3.5265914969e-14 0.000685429677698 0.000834561769744 0.07640757029 0.00851359322028 0.422000506768 3.61564884834e-09 
0.00252334601356 7.71390733493e-05 4.0215686088e-08 0.0052739874764 6.74476342186e-06 0.00364804530193 1.38191811219e-05 0.00448068720759 0.140313131773 8.17154713468e-05 0.000752369124575 0.526504193118 3.78276053083e-10 0.0639123361816 0.0185901547647 2.96038940898e-10 5.46247170241e-08 0.222288711258 0.00225370320254 0.00927982057313 
2.85816836314e-22 2.16390798043e-10 0.000246499258413 4.47490889224e-27 1.22679045019e-24 0.0228340784895 9.31480041066e-07 9.00494386504e-25 0.00308875718334 2.83049311111e-07 2.27568798666e-28 1.88913085633e-06 2.30122709659e-31 9.67225406444e-25 0.464721180695 7.75463698618e-08 0.508752494893 7.95531032943e-10 2.76948588694e-07 0.000353530312954 
0.00197025260958 9.40666817619e-06 0.000296213149202 0.0788899169073 1.50775627027e-29 0.126357065725 3.86773314582e-26 9.72769161413e-10 0.0107051750539 3.00570346398e-10 3.35297035041e-10 2.39096322026e-19 0.000784599700259 1.2292109741e-07 1.03256908275e-05 0.000333803026615 0.0616967008575 6.42192132137e-06 2.26189369055e-06 0.718937732267 
0.120543615882 0.124022099015 4.92809904344e-06 3.87849740851e-09 9.49854827591e-16 0.000892201499326 0.00919219776453 8.65427788497e-29 0.0565461558562 0.000332327933771 8.45302521925e-11 8.37719009296e-10 9.41885108912e-15 4.91725924483e-18 0.000168419838536 1.05729439628e-14 0.666862854421 8.89334075909e-05 1.09336769021e-08 0.021346250549 
1.40473666389e-06 9.21568429586e-13 0.00405716725767 4.98625777146e-07 4.38708812622e-14 3.49558087053e-19 1.07330749531e-11 1.24321005541e-16 0.0049324336732 0.0539419220799 0.0319800789256 0.00578073235553 6.47122463841e-08 5.43073480902e-05 0.0349400189835 0.851264698502 0.0130355828611 1.43101367065e-07 1.97054918484e-11 1.09468055362e-05 
5.94971142241e-08 5.82970935789e-08 7.81604159141e-08 0.0162923603097 1.40860077354e-19 8.94782587792e-15 2.27778682236e-17 0.00122701650372 1.26100710005e-13 0.00114946888366 5.79990033225e-10 1.93902776309e-13 2.51042327931e-13 4.31320347759e-29 6.50340861981e-07 7.11397787025e-10 7.40947986767e-06 6.56418527464e-11 0.963107492332 0.0182154048382 
0.142579939609 2.47519635902e-05 7.29569998268e-05 4.21046681525e-14 0.000156967655376 2.45535168578e-11 5.02506284131e-08 0.0177443417244 0.000214456095108 0.00264574409603 0.463122759963 4.04975587456e-13 2.05430674557e-47 4.20389645633e-12 0.0115923249815 0.000288178182479 0.00590220576955 4.67634180225e-12 0.206025049683 0.149630272993 
2.0670220642e-08 4.04811546422e-09 0.00502829750886 0.0976438496129 0.154157888789 0.0141543924771 0.000484262101453 0.19851228276 2.4544641518e-29 8.90994078023e-08 3.15389300809e-20 1.00511892382e-05 1.53621174866e-05 0.0884675126893 0.000938229106224 9.41575019859e-18 0.14353965841 0.296472674566 3.3457569041e-07 0.00057509027924 
0.0252857440864 4.41028643853e-05 0.000109560623871 4.84795386213e-10 0.000168641724821 0.00358550520492 2.68639338542e-25 0.00403157009637 0.00730854250057 0.00141596482884 0.0654650547285 7.71493157535e-24 3.54251838298e-10 1.71326411645e-22 1.60269247189e-06 1.88781260356e-28 0.890076463874 0.00222021074746 3.60467093168e-05 0.000250988478569 
9.3600682211e-25 4.9779379508e-05 0.000199455380171 1.07906844238e-05 1.2949404362e-07 0.0108876453735 0.0803279584141 1.41729679288e-23 0.00177729609883 1.75794267875e-08 0.057605122603 0.000121850446827 0.146253486021 0.594344450743 0.0109089921435 0.0291464664503 0.000115468258222 0.0246642829835 0.0412652088893 0.00232159905694 
0.000321483458841 7.14155447461e-30 0.0416213721109 9.43528784094e-05 9.99774544693e-29 2.00042979167e-17 0.632320816519 1.2056196229e-05 8.7364613978e-05 2.87573011544e-06 8.1580073493e-29 8.52329971304e-14 0.273787351829 0.0084857002115 0.001280380706 8.56298971839e-07 0.0419853306804 3.5311695546e-08 9.3806374747e-09 1.40746672002e-08 
1.94015148751e-10 3.49094089194e-13 9.08977029064e-08 0.00955471738612 1.65390632413e-07 1.63750571451e-16 2.26079312867e-10 0.000419675744287 0.0102278703979 0.00268984399423 0.0889398731974 0.0956398168206 2.43018657036e-17 5.34881106787e-59 6.30009786184e-27 0.0977280872936 6.56327461752e-05 0.647363456848 0.00904118569822 0.0383295831647 
0.000108764047372 0.00222018850493 0.120103976089 3.14955652296e-06 0.0842097339965 0.499108022135 0.0198633730731 0.268312329074 2.31039540592e-08 2.10205359236e-17 9.20702737177e-17 1.16574179291e-29 0.00129083605901 3.46060046082e-14 0.000875841658638 0.000317105783562 2.63540369127e-05 0.0029862809495 0.000129589458703 0.000444432471929 
0.000298378875512 0.914281079092 0.000134591616507 0.000534173121814 4.00550141504e-12 0.0128861155487 0.000341683107176 0.00028248517272 0.0495370473487 0.0138551286699 1.13045674416e-08 2.39434816088e-05 0.00779170612094 2.16200127515e-10 2.16827214375e-12 1.42049201107e-12 1.4753594245e-07 1.78006699733e-05 3.07210577409e-09 1.57050383499e-05 
0.0228094799432 0.0359229668162 0.00749630732181 0.0730895996596 1.77929228819e-16 3.86432033992e-07 0.131438138322 0.000239832527315 2.44022660497e-08 5.18232744843e-08 0.636667651688 2.10523925168e-08 6.12095901376e-07 1.58271825397e-11 0.0684165526075 9.61767255413e-06 1.72517214399e-10 8.27848533283e-06 0.0018188304275 0.0220816485351 
0.543532847679 6.89871832716e-06 0.00541125404321 9.77903231852e-06 1.22248729849e-14 0.0285692049946 0.0620849835175 1.1398560137e-24 2.54600968466e-05 0.000120727918969 0.236420319546 7.34570915393e-07 1.72370116876e-11 0.000850046424198 0.000558090697941 0.115301653953 2.25373019976e-12 2.05536889226e-05 0.00201030947293 0.00507713562508 
2.7515461954e-16 0.000634546410771 0.00184596032227 2.66384063472e-11 1.39729227146e-06 3.90645064536e-05 4.78067859412e-05 3.26274492618e-21 9.89171175218e-12 7.60694351455e-11 6.3806236875e-20 6.98712030779e-08 0.347689131785 1.43207292944e-06 1.18345445119e-07 3.6789396712e-18 0.36779870463 0.00152610961473 0.280382643173 3.30150776988e-05 
0.0144733208623 8.30313897312e-12 0.929223501376 9.85922118974e-24 0.0177737614365 1.75748513984e-11 8.50652417965e-12 2.1090487038e-07 7.93363896832e-05 0.0205766203404 5.76592172671e-09 2.47986582692e-08 0.00114278101945 9.08854155727e-05 0.000173567425074 0.000397500268284 1.07434781253e-12 0.0160644663927 1.14249143714e-08 4.00614444551e-06 
0.000320489971709 1.32533131739e-07 0.470458417277 0.000137401835271 0.0013496551184 6.74884591856e-09 8.44301025058e-08 0.000149635851366 1.24095452146e-08 0.0125079451048 2.03474517838e-14 1.15688000989e-08 1.02596998485e-27 2.0880604063e-07 0.36732439097 1.25363337807e-15 5.65618277518e-06 0.14637457754 0.00137137365143 1.09636936165e-16 
1.06604869876e-10 0.0436084080414 5.20869396636e-16 1.0912430254e-21 7.87969325111e-11 1.11223533191e-06 6.23437659232e-32 1.79485936362e-10 6.11120482083e-08 1.03739701533e-07 0.114296776135 3.0975879483e-16 0.0511489519838 1.92061306239e-14 9.04973300616e-23 1.55789945443e-06 0.474547181701 0.138498521049 0.172393371912 0.00550395382578 
0.00339006400664 0.000462928314419 4.02182591173e-07 0.305025177846 0.000313087392415 3.06772923808e-14 0.00289143787605 0.000849660791473 4.4293445151e-13 0.000648162396331 1.5336231661e-06 0.00101718238713 1.3836461276e-08 1.91720138562e-18 6.39593791889e-10 2.01867778957e-06 0.0200899530531 1.31570317262e-12 3.96930231822e-08 0.665308337282 
3.97935942878e-17 0.00013535708686 1.26640500988e-07 2.61530000596e-10 9.07538198098e-13 3.32985327209e-13 2.18060457206e-11 2.87569885261e-16 0.000117454996304 1.13797619631e-18 0.0911376627608 0.00800236410032 3.36779005245e-13 0.0098080594276 8.02028378939e-24 8.69662228318e-14 0.890179966243 1.495645728e-08 0.000585098809623 3.38946937493e-05 
8.27868431994e-20 0.16614866867 0.136308238145 0.00082076042212 1.00610321328e-12 4.71275242453e-26 0.0019733012495 7.14802625999e-07 5.93192623179e-06 0.000158612379947 0.00070005439391 0.0141535053363 0.658380524597 3.17943330255e-08 0.0190003532408 0.000803001394004 1.03788649849e-05 7.46181442653e-06 0.00110178394535 0.000426677022548 
0.0772058590829 1.72289455079e-08 8.18095098091e-07 5.15954395406e-11 0.00111185057128 0.0368089206805 2.59886324983e-17 9.3977806702e-19 0.717621063011 0.000846705196703 1.43825152653e-17 1.07294782126e-05 4.03530450346e-07 1.66931450097e-05 1.20986664426e-31 8.89819061222e-13 0.0001727478803 0.154838547409 0.0113656445015 1.35789670338e-10 
2.66634829747e-15 3.14307921265e-05 0.00640231444764 4.17911702985e-18 0.0716522515027 3.59148140329e-05 2.32057960257e-10 0.119792945033 0.00449746010395 0.152744153464 8.303278052e-06 0.0444766439068 0.00307515382866 0.00259131104123 4.48392917982e-13 0.318544411694 1.87539844933e-07 0.219753524645 2.96817532892e-17 0.0563939936755 
1.36619397575e-12 8.98071293362e-41 0.419840058047 0.00615859351461 1.01024176562e-09 2.00849063028e-19 1.07437983435e-09 5.43114011517e-09 7.70735685995e-08 0.000581332631849 0.000128431363475 1.06056233103e-16 0.487316243255 3.76941687431e-06 1.43298285565e-06 6.23382235882e-20 0.0184779498156 0.0345870471425 0.000377216475796 0.032527840763 
0.00101899718907 0.0204623353638 3.74051974875e-13 1.88014786403e-19 1.14175099555e-05 1.51419485999e-06 0.460384033023 2.51526760665e-06 0.0653553257483 0.120933320586 0.0908710456911 5.52616254715e-11 0.0556557005046 2.44536362313e-08 1.19534468189e-16 3.59937585026e-07 2.98184508387e-11 4.17038013908e-08 0.120883941481 0.0644194272606 
3.24879489335e-32 9.31368452575e-14 1.57687685191e-18 7.83042054824e-11 1.27924155114e-09 6.36700134252e-06 0.00752118922118 5.96435566933e-10 0.572769707904 0.00729452774399 0.271933125519 6.86636536281e-08 0.0615624313902 1.10451762205e-35 0.0135957458134 5.46077571236e-28 1.50711030224e-09 0.0650943253532 2.20220641266e-05 0.00020048586538 
2.15792659239e-15 3.41802487311e-15 9.02652408045e-16 7.71698307631e-05 2.23992475414e-16 0.0879470583253 2.30108244595e-26 0.000598478762367 6.80028643172e-06 3.91966825113e-06 0.146336792393 1.37086882375e-10 0.000793605980764 6.12860710485e-08 4.06849515285e-11 0.00782602250229 0.747236193751 2.34648998185e-10 0.0091738967705 3.06554245159e-11 
0.132627529483 0.000154743101455 6.8615941897e-13 0.00312358393326 0.00439077548746 1.08156874547e-20 5.57524005967e-06 0.0643942170051 2.83415672165e-08 0.0354912393351 3.72291113221e-12 0.179538777365 6.68912382346e-06 2.02956169166e-07 5.95376149637e-07 4.58734890493e-08 2.75025282302e-07 0.576754480175 0.00351120092292 4.12511915604e-08 
0.000421898107034 0.336801293715 5.41742739431e-17 3.8468307042e-07 5.44446417429e-17 0.00297486005562 2.78367689227e-14 2.64142061423e-48 3.59898445018e-06 6.02411944268e-24 0.641055734105 1.36003932444e-23 5.08106368781e-17 0.00920984466574 1.34806692516e-06 0.00936252442209 7.10466035483e-28 5.74608793957e-05 5.600361643e-05 5.50486995893e-05 
0.0390829876658 6.96166408322e-15 1.55564495197e-30 7.10644189565e-05 0.916269242317 1.54953792154e-07 0.00319967085851 2.05174150874e-11 2.23603298878e-05 1.10082766029e-07 4.4931782226e-13 7.56708826485e-06 0.0271620009055 0.0120770365434 2.81618372559e-09 0.000178868242953 0.00178156994265 4.5035566942e-05 2.93870399109e-05 7.29412060453e-05 
0.000286113365963 0.654405386245 8.097200354e-18 0.00373515236747 3.57084264461e-13 0.000102962648068 5.78406107493e-06 0.160698720161 1.71727898184e-09 7.3149589846e-12 0.0374162488686 1.85684130703e-11 0.0709829697768 6.31072186341e-21 0.00401600916981 6.54811497736e-09 0.000393609704858 0.0673882691352 0.000568493570393 2.72633692217e-07 
1.81398811674e-09 1.39300743739e-16 6.14031344061e-08 4.23969059692e-09 3.10478166425e-09 4.32058702895e-05 1.18637338541e-05 8.27922347825e-11 6.90667065922e-10 2.34482683512e-11 0.522143555091 0.00500822437423 2.00673625463e-06 4.10343034905e-05 3.04979805961e-05 0.0116833351071 9.61055677202e-05 0.017145213782 0.443786086225 8.79986928025e-06 
5.43831000183e-14 2.32971616834e-09 0.00162697729544 1.09447872549e-05 0.00152884080171 3.48161760664e-17 1.03097898493e-20 0.278111378963 0.691341047345 0.000155822311804 0.0187282689691 4.62266381642e-23 0.000410569434174 6.46344395245e-07 2.89300829628e-11 2.0045530631e-14 1.78991178879e-06 0.000140577932086 9.80008556697e-11 0.0079431334479 
0.083222323251 4.32842429226e-06 1.08470447402e-05 6.04750786487e-07 0.063173405238 9.050454783e-30 6.28631885951e-11 1.84394650828e-10 0.00256414461929 0.00213086108557 3.76163306976e-11 7.05014752698e-08 0.00516527784688 0.487673639558 0.00699809382518 0.00655308639953 6.83420334183e-05 0.34028608982 5.7199475619e-08 0.00214882811695 
0.202182946268 0.407690681474 1.08901658274e-06 1.85815365993e-18 1.70778732894e-13 9.79464761838e-06 7.9125004226e-29 2.4654881024e-07 0.232832159943 6.31680504502e-29 7.98959840352e-07 3.71370391025e-16 0.00313760448669 0.0945279512769 0.000474472858936 0.0549608062591 2.87944638397e-13 0.000800468176315 0.00224585169823 0.00113512838495 
1.58730824171e-11 4.05868308481e-30 9.19565655092e-05 1.20588853091e-24 0.00685779818412 0.516786129296 4.57943260903e-33 0.0972119924902 4.67919568506e-16 3.77937200637e-07 1.40713041372e-11 0.0786579590062 1.72177193586e-16 1.64147058845e-19 6.94977859859e-12 0.105968127814 0.171575698322 0.0195274563869 0.00332250372445 2.36265947884e-10 
4.67894955532e-14 0.104509144338 0.0603011269045 0.300371176866 0.00658557427608 1.35615436028e-08 8.58695559056e-25 3.44679423057e-09 4.29685366118e-05 1.9579353727e-14 0.0155176561539 5.87759684055e-12 5.39868479074e-08 0.507997808345 9.52544191478e-18 7.26249995893e-27 4.28794084824e-12 0.00326930969725 1.26559929333e-07 0.00140503731672 
0.000193263379374 2.30624909676e-15 0.7897459724 6.97521277311e-07 1.24909845423e-13 0.207284206177 4.674540008e-09 2.94993183321e-05 9.37292867038e-08 4.03566966259e-05 5.40941824178e-08 0.000326863271268 0.000170204193287 1.71034032261e-06 9.08155877603e-05 2.88168346899e-14 0.00163026933411 5.60910973891e-23 0.000485989282548 1.07509895985e-21 
0.0055455588422 1.60574977782e-11 7.24959024223e-10 6.99084422397e-18 5.91053482943e-09 1.68118290538e-09 1.07690350416e-05 1.4768033505e-08 4.85734212794e-05 4.57592916161e-15 9.37440586775e-05 0.563755905573 0.00163988174598 4.28197168454e-09 2.51787891334e-12 0.00104932726786 0.34232802409 0.084480195863 9.90906828931e-12 0.00104799270776 
0.00293437292127 1.89221656089e-05 0.000239372365965 0.00215784895804 6.59852058019e-06 6.04756881983e-14 9.09518120223e-08 7.03326755738e-05 0.00530027792223 2.14223812162e-20 2.20764655995e-24 1.42426488711e-08 0.648763185745 4.2967892827e-07 9.33750735126e-07 0.000516302022688 5.50760235709e-11 4.06483989084e-10 0.0857472628556 0.254244054761 
0.00135111462296 0.0149413402027 0.18163752751 7.63965202645e-10 2.06926447257e-05 0.0132883695375 0.00138688440904 0.165279472213 8.15998872019e-09 5.38057689204e-08 0.00367632528424 2.39428470138e-05 7.21947249467e-19 5.03893754185e-18 3.38816653838e-06 8.40427275194e-05 0.00104945869989 0.111509660355 0.50574732325 3.94800232367e-07 
0.0376797554943 1.52240790247e-20 1.52087963308e-09 0.00631161784589 0.0916775578264 1.11631695362e-18 0.00208656302384 0.090413168736 0.170584062573 9.49611915034e-07 0.000293689461226 0.0165715315646 1.40477031628e-05 1.93396862653e-27 4.66460081086e-09 0.0144036262799 5.4294753971e-08 0.0251430048683 0.524262001027 0.0205583635038 
2.94361654433e-09 6.33957244266e-08 5.13244629549e-11 0.5409931505 0.0166790000487 0.00385644629814 0.0013476859271 0.0465668194049 6.59857540997e-23 1.57718957769e-16 7.99559531109e-10 0.000470332182063 0.00288172067405 4.49097755005e-10 1.73995382763e-08 1.44503797299e-26 1.20680935819e-09 0.00732163892057 0.37988284706 2.72738451469e-07 
1.52581770787e-10 1.48260049755e-16 6.81751248939e-11 0.00985504917706 2.45769335974e-05 1.06165321039e-08 1.07149503806e-09 0.358381439604 0.000379025162605 1.47066242552e-08 0.0001150426154 4.75170315165e-15 1.50342326528e-14 2.59467014994e-11 1.33967076213e-07 0.00973551719057 0.000831348243755 0.325166375795 6.49422649296e-15 0.295511464669 
1.2472084617e-07 0.0101034177254 2.15727983451e-13 0.266064845437 9.34422273253e-05 1.86399677024e-17 0.00397099599512 2.39805013979e-12 6.92883030925e-08 0.692437192791 3.65319646472e-15 2.38211527452e-08 9.78011299544e-06 3.66544374586e-19 0.0257116303458 8.68124023027e-12 1.70225719659e-14 2.7470677289e-13 0.00160847752327 7.49935058539e-17 
2.6628760601e-25 0.566915611723 0.000910163300533 0.00719382747209 2.38698330783e-09 8.51083880723e-05 0.00021985947857 4.40150143157e-14 5.06820204507e-11 3.26005514994e-35 2.77380084526e-07 1.75346777215e-05 3.46648445266e-21 5.26205158264e-12 0.00230627751105 2.0301729786e-08 0.0352109961577 0.341545174991 4.66988001715e-09 0.0455951415056 
1.72384323921e-16 0.00226465169498 1.95626925262e-09 0.00271474334596 0.316458814371 3.15355803237e-09 0.00146586929401 1.13038001237e-07 0.0201851271055 1.52671828043e-08 1.94753367474e-06 7.13493400007e-05 0.654734379369 5.33454695348e-12 2.21711331005e-09 2.20799717919e-05 5.11333242413e-05 0.000134280730565 0.00189529207628 1.9620539618e-07 
4.57988165076e-14 3.88460283426e-08 1.74976491492e-29 0.000707065443368 1.76210127678e-06 0.0420968691646 4.44389572127e-05 5.10965107002e-29 0.000272825444437 6.47542647475e-13 0.0147680893198 0.00186998372546 0.013332313118 2.3887006159e-12 0.843371894306 1.07739064572e-12 0.00345170386021 0.000913538186158 4.66227972239e-05 0.0791228547258 
4.60097544871e-05 2.91722801439e-10 1.74479647788e-13 2.03634969787e-10 8.09118543394e-06 5.09459791043e-19 1.45799158419e-08 0.0796078744529 6.98011439703e-11 1.00964512698e-05 1.05137623206e-15 4.91673659729e-25 2.11729333084e-07 0.00705184258422 1.71381599254e-05 0.559253651155 0.120565439104 0.000677219826657 0.232736480275 2.59301756683e-05 
0.100389849732 1.23941826126e-11 0.0125890130649 0.00353057078397 1.39107738086e-10 6.30731313895e-09 2.56333633337e-07 0.0809523194503 7.26642286848e-14 0.0308345310422 0.753473700165 0.00177925559391 2.13828038384e-14 1.27536104696e-09 8.89372388975e-10 5.01717508212e-07 0.0164468581517 6.16334507085e-07 2.5190061121e-06 1.5523324363e-20 
2.75723668691e-05 0.00217320352203 2.51754963611e-26 1.2318499652e-09 0.000129935493905 9.86278273252e-05 0.00134537499445 1.41423700794e-15 6.32708648749e-46 0.100235216136 1.15546086587e-06 3.74295786439e-08 0.158042635032 0.0120314900752 1.11416220409e-11 4.2520091164e-45 0.357307223409 0.359715230316 7.35281359963e-12 0.00889229668689 
2.67132356027e-06 6.92266072399e-14 2.23940400261e-08 0.273820742082 0.694458654144 6.7558794311e-25 1.53232275837e-10 0.000175335096393 1.50154901283e-19 6.00126554208e-05 1.92563982624e-09 6.28793339856e-06 0.00208612865003 0.00657209679411 1.11042247071e-09 0.0143658970945 5.83629122607e-05 0.0081896318489 4.31688606737e-05 0.000160985020602 
0.0682757018085 0.02887895172 1.68337414833e-10 0.0288791410396 0.000107693259128 0.0240343143306 4.1171425517e-05 1.08429455824e-11 0.00431255989411 2.66116963127e-07 0.114383683253 9.2400986968e-12 1.9949315918e-06 1.11968496204e-07 0.00030737586229 0.322345484439 3.90298540895e-06 7.13602600989e-15 4.79249913498e-06 0.408422854278 
2.62482475197e-28 2.65905114219e-09 0.0149516641506 2.49675813543e-06 0.358908761422 2.31114021307e-17 3.63097399391e-13 1.72433009922e-22 0.000227075943438 0.000640959937513 2.03660626601e-07 0.00022929987969 0.294367685298 2.45227977938e-20 0.00148077683795 1.93079103799e-08 0.0191463531501 2.78786247431e-05 0.310015227521 1.59484836987e-06 
0.045209406635 0.0196461200544 0.000468689797548 4.19390842663e-21 0.00429697535261 1.89958323165e-11 4.83345770639e-11 0.00573688357054 7.41499564044e-09 0.00255614582922 4.31540453877e-07 8.96926741776e-07 6.09862350716e-07 2.81643933719e-05 0.00953703249773 0.513317951091 4.18502181439e-05 0.391661966001 0.000281454257125 0.00721541449062 
6.06202077121e-17 1.09217529302e-11 3.18787305328e-12 1.81192695745e-07 2.93811163868e-09 5.7085104735e-06 2.08246291737e-06 4.156566754e-07 2.35503668353e-09 2.03299473291e-32 0.00139837209532 0.0641071745578 0.00145346716744 1.6060120098e-10 1.50675577137e-28 1.24971532588e-05 1.84032911707e-05 7.82165261843e-06 0.0314969682073 0.901496902584 
2.87586866532e-21 6.40214810147e-06 0.00554852141824 0.000196610876141 0.0152226959546 1.12577764553e-05 0.000130705547211 0.0024232085302 0.0182110886902 5.79741150358e-19 1.30925608589e-33 2.95729728499e-08 7.11695396363e-14 3.78521177497e-21 8.07119768294e-17 0.884232758513 2.40406198168e-06 0.00195889858265 0.0714994736332 0.000555944694481 
4.6434916171e-21 0.0690944623085 0.000731016988181 2.59303753225e-05 1.15470063101e-17 8.16066624684e-06 0.00621997829049 0.00783448049015 9.86165300966e-11 2.53155511235e-07 0.154148089707 5.13751127656e-06 1.41382620977e-06 1.33285710308e-08 5.30310758061e-10 0.192582894229 0.00338178689419 2.46684901357e-05 0.565935573567 6.13954316727e-06 
0.00970962889816 0.0514040678195 5.11531733056e-15 3.75106584204e-08 5.58309504714e-07 1.5918929841e-09 8.54872041463e-15 0.00135999209104 0.420169987207 1.74197945276e-08 0.000325731001807 6.09536263967e-11 0.00240534167472 8.3320062951e-05 9.0453892761e-21 0.000552937053154 0.0262649563087 3.48905190805e-05 0.00865687589013 0.479031656581 
