0.112190691241 7.10558764559e-11 0.0126183585099 1.0530659807e-09 2.84414410646e-05 6.15455139489e-11 0.268131624398 0.462020871363 1.01482915577e-23 5.58272837299e-11 0.000493244429171 1.8381714791e-10 0.0296329681537 2.51172866717e-16 7.95807680858e-14 6.01243445509e-11 0.0290563672155 0.000805597828341 0.0850218339141 2.02293187101e-11 
4.86458791711e-10 6.92913886823e-15 1.89528703539e-06 7.77156692093e-14 0.833313067229 1.20571865557e-09 1.40432024025e-14 1.29356528472e-07 0.0035426982868 0.000210272164391 0.0103137636515 1.24140720845e-06 5.87353572006e-07 3.2634624575e-12 9.05441705476e-13 8.24197702517e-08 0.0994059492573 0.00224823919314 0.000946840485233 0.050015232212 
4.76370576021e-07 0.000245856285149 8.35529804938e-06 7.4304865635e-15 0.0243982624409 3.36537711839e-18 2.01468956656e-42 6.1743851748e-09 1.20483148742e-16 0.0146643354562 9.3436410489e-19 0.168774487047 0.507820600019 5.21288643056e-18 5.5230706028e-23 1.30042544239e-05 1.86634541867e-06 0.0527493387283 0.231323411581 2.13717969133e-18 
5.84769461132e-25 2.8093179419e-08 0.0321756716303 0.0227992058416 3.91900125194e-05 0.043227516937 0.0813521929486 0.475408097976 0.0104307720338 0.0121352041194 6.19530510841e-08 0.0226626818297 0.087602528904 1.88567082075e-11 1.7928838825e-11 0.00144297977575 0.209139268992 6.9774969057e-14 2.01064970831e-10 0.00158459871472 
0.169089072133 1.96334260453e-06 0.000794721865219 7.24853385757e-05 5.97239958715e-33 8.52154216237e-06 4.85880924586e-07 0.0181917768732 0.0201959449039 3.64851727722e-05 0.000188978122498 0.000142336059742 4.27043884955e-05 1.20661434339e-23 0.377490600387 1.61850135212e-05 6.70511576199e-07 2.04177462753e-05 0.413706443957 2.06762304656e-07 
1.34497876833e-13 1.54175000336e-36 0.63127544139 8.27837489575e-10 0.0455662122529 1.18001740258e-11 0.000192210413282 6.81585804766e-11 1.226801799e-10 1.49444537889e-19 2.19476547528e-05 0.000162388848466 0.000624022883644 1.44098426139e-12 7.77803293832e-05 0.0100727293578 0.0598806424681 0.252007805301 3.74971021842e-21 0.000118818068806 
1.25128295389e-05 1.44479934462e-07 7.57553991953e-06 8.31208318728e-10 0.104591217561 6.46179983788e-13 0.364625836505 4.9362623494e-06 4.80181273369e-15 3.47610652268e-05 1.07282956371e-06 0.527201159963 0.00141967834484 3.67081198981e-05 2.28544784584e-38 0.00191480479985 1.18857909323e-14 0.000149066126586 1.32332054004e-15 5.247417855e-07 
0.239723924755 1.05722860721e-12 8.77549951099e-06 1.15426585786e-12 8.49524538534e-12 2.22344236577e-11 0.589799322176 1.76912942775e-11 2.50313568624e-05 7.91654166357e-09 0.147113078682 0.000450063281986 3.12277618797e-15 0.0131767540113 5.39953944643e-15 6.31047782202e-14 0.000314500595241 5.38797972979e-08 0.00937305343871 1.54343559998e-05 
2.07331513249e-10 1.76094651191e-05 3.10761356971e-14 2.87256937495e-07 1.92141942258e-07 0.00234958459885 7.01853929597e-11 1.72445771815e-05 0.107990245194 4.51708335254e-09 4.63931100228e-13 0.000400848879563 4.84991852201e-08 9.29693394415e-13 2.91164397644e-13 0.00250753084811 1.11846615985e-07 0.885764821848 0.000949753854039 1.71619379946e-06 
2.27697245413e-08 8.40077775631e-16 0.0338621984003 1.42955963797e-15 5.69583439604e-08 3.21087323906e-16 0.00117235059886 4.64089337306e-17 3.75421393016e-06 0.352643427522 7.09128879694e-10 0.00406720983203 5.56835186123e-28 2.19016561073e-08 0.127331856891 2.19893712087e-13 0.00116962248317 1.58658401102e-09 0.441092796293 0.0386566798407 
6.01951277019e-19 1.4395783174e-06 6.38675575528e-09 0.00506705297311 8.18678952776e-10 4.1209217396e-36 8.17378515484e-07 4.56367682914e-16 0.352176206402 4.59580288536e-05 0.135762113946 0.169501453758 0.00602916556967 0.000133281883853 0.0421870886022 0.288893262803 6.78735603817e-07 4.02408503485e-15 0.000198820118743 2.65301756522e-06 
1.19028374422e-08 6.36660649968e-06 2.38407315789e-06 0.510102225779 0.156185470618 3.40375767275e-17 4.91058382376e-05 8.01356717765e-06 1.63502826853e-05 0.212250895797 0.000896850994299 9.79715473476e-07 0.000751270739643 0.000661653006417 1.47710321822e-11 6.04655531798e-08 2.74651437992e-11 0.0900498732449 0.0290184873277 5.29237987372e-15 
0.111395843303 0.0148246972821 1.63087003822e-07 0.006037819844 9.24758570231e-14 6.05382940842e-05 5.63843460634e-10 8.08203891761e-14 7.77886548051e-18 8.11722667871e-11 2.02530651923e-06 2.26670095222e-10 0.000527691903642 1.26491491538e-09 1.87126571689e-08 0.112540061401 1.74838553989e-05 7.74012976092e-05 0.0214690855484 0.733047168028 
1.51292293562e-05 0.000620049433828 3.29955359382e-28 2.20238700076e-13 2.43221731831e-05 8.45380808595e-07 4.34232383135e-06 0.0812730458002 1.82011805376e-05 0.158197993485 0.0285921456168 0.00212077512454 1.15212192067e-05 0.61549824879 2.39103839987e-07 6.32208776385e-06 0.00177428271969 4.48725981416e-08 0.10870818625 0.00313430520846 
2.51899144842e-11 0.351792363658 1.25707810079e-05 0.0157285657512 3.2636752702e-22 1.66630417183e-17 2.1407566065e-12 3.83191965657e-08 0.0585426488606 0.121795819863 2.13074883358e-12 8.56443171738e-06 4.2791144892e-06 0.000324595868812 1.10359463465e-10 8.5216282248e-06 1.07544811375e-09 0.398540840766 0.0532217328046 1.94569374988e-05 
2.81061603703e-09 1.28138319086e-05 0.000224975022614 0.00445971784244 5.43630820208e-19 1.05505002964e-06 0.0124146943068 8.21392741757e-13 0.0613618998343 3.02420061636e-07 4.76438590784e-07 4.28780433567e-05 1.55133092278e-12 2.38785282667e-05 3.85127825602e-29 0.0229615848004 0.00102775040036 0.897467961071 2.70105428311e-21 9.59699953089e-09 
1.45034557195e-05 0.0615622771422 4.78683326533e-07 0.00180722131804 5.40124545591e-22 0.0796802077966 7.77371374529e-11 1.04918114476e-05 3.43041663994e-09 0.244255415561 6.20116642047e-28 1.11124270784e-23 0.000475294530881 1.07476877821e-06 2.14139716794e-14 2.81185738223e-24 0.586636553925 5.21252872135e-09 5.20545967528e-12 0.0255564722808 
0.00245233882785 1.44455858491e-14 2.73144985654e-21 2.3260621353e-13 0.0409743043529 5.26935571251e-07 6.12239816503e-18 0.481597705101 2.18839335931e-16 0.000201392418503 1.83905770247e-12 6.94897391498e-15 0.0194135414901 0.252159902681 0.19938228064 1.95650070271e-05 6.66744951708e-06 0.00323046446667 0.000208498566439 0.000352812061567 
0.00640172746486 0.62075385799 0.00933214394 4.1874881072e-06 0.0940598935437 2.3255794129e-18 2.44286934891e-14 0.104313485254 2.84652240499e-07 1.75028389226e-19 0.000426902077818 0.000708754196819 8.99673549743e-11 4.06910262531e-21 0.00998623346889 0.00687693910344 0.0596502961137 0.0868463204884 9.06427482293e-06 0.000629909853235 
1.11092468691e-39 0.000171901729887 5.5845859249e-09 0.00459318108531 4.58996045484e-14 4.35002405737e-11 0.000891304232944 2.3297806044e-07 0.00102979496467 0.0324570076467 0.0994354128256 6.78607898338e-49 0.000112572740215 1.67794755895e-05 0.702317815644 1.44511148927e-41 7.65966053822e-18 0.00285264457886 0.134610003738 0.0215113427313 
0.092928749373 6.74302985805e-05 1.47350686356e-22 0.000421788431081 0.339929277991 0.000825372906978 0.00980818048053 7.44357893696e-23 2.8211010605e-09 2.29167965215e-05 2.55494545384e-14 9.4926229348e-05 1.93929271627e-49 0.000110124868844 4.88404821612e-06 3.19087116653e-17 6.23742862557e-08 5.97446586191e-05 0.555726500931 3.77905311702e-08 
2.17650089249e-06 0.00051148153178 0.000978008058897 1.08279583003e-11 7.22811308045e-11 0.0211385792725 1.0473641822e-18 1.83669624367e-06 2.17815844085e-07 4.29860838074e-07 4.19126547553e-52 0.00886900133708 3.8460328781e-10 2.59504163007e-05 5.53543178872e-39 5.46129585426e-08 2.62381305444e-07 0.496156392683 0.472295844946 1.9763418699e-05 
2.73519418574e-18 0.00761621492686 0.00206099242144 1.75156879339e-17 0.00180313658032 4.59755882678e-18 5.34105249219e-08 1.9709679063e-06 0.000216719964841 0.00706825932142 0.021543036436 1.83013038079e-09 0.812542627674 1.55860889227e-13 0.0751558374403 0.0393730104988 8.64297036633e-11 3.99273798923e-10 1.94475181439e-13 0.032618138041 
0.000588706595135 0.023111801884 0.000886627850936 0.0762825823414 1.16822650525e-07 1.05480127803e-10 1.87270167724e-08 9.23154070398e-17 3.99154231772e-05 0.0102468500667 3.16150572012e-09 1.52831999896e-18 4.89242462017e-06 3.76497104837e-07 0.104181893959 0.68156165266 3.08735185749e-05 3.72140153039e-11 2.51952179897e-11 0.103063687901 
0.0131683820251 0.140773312024 2.92453933066e-10 0.310957125502 0.265746763996 0.0057762399198 3.65249218213e-26 2.29992334509e-22 5.48056951164e-12 8.41818795981e-05 0.00348310762514 4.75705067054e-17 0.00291132147776 9.17738623156e-30 3.19449327695e-07 8.49418866556e-05 9.95806888675e-10 2.89552132227e-19 0.257014296828 6.09302217358e-09 
2.39843521961e-05 0.00725733524693 9.52165450163e-14 0.000147044861609 4.38058560462e-10 0.853979608745 0.0123734779314 5.76431590625e-09 1.72845118894e-11 7.60762547518e-09 0.0048508361445 0.108414464681 0.00794014272714 3.14091627277e-05 0.00271006044421 1.39796274415e-19 1.33118035092e-08 0.00225748519022 6.17277165204e-11 1.41233127036e-05 
3.44747208563e-06 1.82403074002e-06 0.226479699851 0.455184270265 0.00539215868418 1.72508449916e-19 4.2889755201e-15 9.69142589422e-09 0.00286909356423 2.26007774762e-11 1.67507253334e-05 0.00291568906932 0.0709266601152 0.000125002681825 0.0867138587884 0.0789611772144 0.0424421950554 0.0137420447089 0.00731289051918 0.00691322754126 
0.54855786187 0.000523763410712 0.0974499192929 9.16976980419e-16 1.10267271716e-06 3.93300779196e-11 1.72325641519e-05 1.47097453622e-31 6.01719153992e-05 0.0274004915009 7.95606572288e-18 1.79173444744e-13 2.79880114585e-05 9.53552128583e-19 1.02952184323e-21 1.99859167223e-20 0.0481370703155 0.252717216081 0.0251071823254 9.97535150049e-19 
0.0114002514742 5.70660485363e-05 1.16322943662e-21 2.76966232766e-07 0.0070881807874 2.15238775908e-13 1.90188406646e-13 2.60736248303e-08 0.789931841803 3.43567425279e-10 4.74921359295e-13 0.191210208768 7.15085717724e-19 4.51198781733e-13 1.02867403681e-15 0.000297350453835 1.52486029904e-39 4.18343841397e-11 4.58996999071e-09 1.47926486995e-05 
2.90426676354e-11 2.32207927258e-14 1.65551965287e-11 0.224114510276 1.01516664906e-14 0.169285172532 0.166086895795 6.59798588538e-13 0.000359307161404 2.88295287796e-41 2.43717039451e-20 6.8569912332e-17 1.70915085677e-10 0.000339641833892 4.89085645934e-20 9.48885626295e-08 0.00675837612122 6.53820815819e-10 0.000340226222633 0.432715774299 
0.15524979311 0.000590300769477 4.50253529384e-12 0.0140262903219 1.64466905261e-11 0.000332843020188 0.00265679195805 0.0867410204867 0.00861099250353 0.439342728256 1.21319576352e-15 4.67618915932e-07 0.141444286497 2.00776591357e-10 5.46340882098e-06 8.17947315863e-06 5.81576626849e-08 0.136578891434 0.0144118869605 5.80186872547e-09 
0.0835842804051 2.3287498499e-12 9.10257739267e-09 1.86203331311e-41 0.0509860732765 8.481784383e-07 7.35582458605e-16 7.86632542097e-07 0.0055342795847 6.3752448528e-14 0.802291010879 0.0575337101823 2.5424143558e-06 2.24623880463e-13 3.50634452799e-05 9.89393600673e-10 6.19555474032e-28 1.31075171945e-13 3.13949012735e-05 5.5589528021e-12 
1.24876449949e-11 5.80635217982e-06 2.63532912939e-07 0.000234029333594 4.1350881738e-07 0.000111364249806 2.16928317475e-11 3.99225502361e-30 0.0229699271639 2.88216557575e-09 0.0014031742461 2.81046075326e-14 0.0115702353699 0.00235536119935 0.0667868631532 0.706525745896 1.19294078254e-06 0.181032834807 0.0068102908242 0.000192494505221 
2.4295628539e-18 0.00016397213018 3.01537053188e-08 0.00314747671817 6.34698585227e-14 1.03975788011e-08 4.59509397403e-11 0.0044453827816 0.00207504619596 7.79546306288e-11 4.51272582859e-07 4.97850009561e-13 7.81583862559e-12 4.64992389051e-08 1.00483709332e-09 2.732753051e-08 0.000213790030548 5.55814491795e-16 6.69338364922e-06 0.989947071972 
1.85166775638e-34 3.50378732636e-11 4.95606871676e-07 4.1606051521e-12 0.289800091031 6.78001163209e-05 0.000443354318233 6.41281432054e-06 1.30623444122e-17 2.71831432685e-27 8.44245854808e-16 3.84231070708e-11 3.37789015293e-18 0.0519148787358 4.92820191168e-23 0.203199431341 0.00115063222658 0.453371845778 3.49986000491e-05 1.00593551134e-05 
1.09571461926e-10 2.60215376138e-23 4.38523062135e-06 6.60693727697e-06 2.60025404165e-05 9.85427004825e-07 0.00119446109766 0.0429521096875 1.33081808941e-07 1.13096828396e-08 0.0217547826199 1.19006953541e-06 0.50706910864 0.000741610235778 3.19207201439e-22 5.8883992196e-23 0.0107358346188 0.0296236959581 0.385889081497 9.39388362341e-10 
1.64713153601e-06 2.06938730791e-05 0.259710030276 5.25706662119e-12 0.00523711731669 0.0543336819576 0.375244308912 6.21625949839e-07 0.000989800606182 9.61998036935e-22 5.87062786134e-07 7.93614468298e-10 0.193934081757 9.17687460211e-27 4.98009136336e-05 0.0620771157731 0.00108070548484 1.05508438762e-05 2.21469009942e-09 0.047309253452 
1.31539254107e-11 8.2920630132e-05 6.5112164198e-11 0.58627371674 1.85555342647e-17 1.54334254542e-11 0.158163369199 0.143415131205 1.38467995749e-06 3.09302841576e-13 0.00147510872953 0.00153343061678 5.44351036289e-09 0.000669346951057 1.05707007283e-05 2.04986959666e-05 0.0565039926111 0.00288105241209 0.0489614543717 8.01691973289e-06 
3.50912928524e-08 1.54841060244e-07 0.000182605641668 0.115367425989 0.0253888381441 0.424998558749 6.2898631764e-11 0.0834483178223 0.00883145028982 1.9587588947e-09 1.14898246906e-23 9.2419593581e-06 0.000434748113257 4.08038776812e-21 0.0181266856494 0.0210846852866 0.0166260718628 0.00143538475289 0.283313264245 0.000752529540745 
0.00470095266757 4.02363908775e-06 3.87030187556e-11 4.34673021624e-35 1.07722420715e-12 5.78380417296e-07 3.90193949496e-10 0.442958469024 2.85331720832e-08 4.99522549598e-09 6.43335544462e-07 1.0149415307e-08 3.80424029994e-06 0.0081383135047 1.88424034747e-08 3.44186060593e-06 1.48985435918e-09 0.0987016198203 1.10443127496e-09 0.445488087983 
1.61553121165e-22 6.72261374612e-09 9.73792754108e-05 0.0210254395693 7.11271611066e-06 7.01053466204e-20 7.06002313093e-09 6.36686720272e-08 5.74082223121e-05 5.08560157062e-07 1.98013028263e-05 0.00439131578343 0.957308542125 0.0062578514533 0.00360111997531 0.00178972896726 2.64000508328e-08 0.0043778276801 0.000931672842853 0.00013418767479 
0.000694172395486 1.25482102383e-10 0.000852039553986 2.6950381391e-05 6.17018105641e-05 2.11621212964e-19 0.00152514889296 0.162938539458 0.129711251862 0.528934512285 0.0001078063094 3.74477905583e-11 2.65157297088e-05 9.53113524709e-11 0.00270588127081 0.0399291685406 2.48619269217e-15 0.104675503358 0.0278044987977 6.30909573345e-06 
2.82042537639e-14 3.18547069987e-06 0.181318546947 0.0021853649622 2.29806514405e-19 0.2776988409 8.37380390824e-05 5.32634328052e-12 0.0523241529356 0.00216114560542 2.03258101186e-09 5.73057965453e-30 0.00679338756588 0.301189280904 6.52655137519e-17 2.15117066506e-14 0.0960800291994 0.00150801682102 0.0200689889061 0.0585853197055 
2.94832224266e-07 3.8997184037e-11 1.09427452109e-07 0.35551620712 2.17003584119e-12 1.57412988807e-06 0.000644605772574 0.000673377222615 2.42145222668e-25 4.82430370614e-45 9.30520919973e-06 3.30171277072e-05 0.00776436703172 0.624690541261 1.08225868555e-06 0.00433244982462 1.68737922173e-09 4.40097344906e-06 0.00632866607975 2.35059032538e-24 
0.00073596166649 7.26293084793e-06 2.5899881239e-11 0.269993808573 1.97286225269e-11 0.0516403637724 0.0133041958121 1.27562303451e-11 5.18972280237e-17 0.000111232513761 2.62190670952e-13 9.21359028431e-06 0.000148370264347 1.13743070658e-06 1.04805508266e-09 6.55667028583e-09 7.58107718238e-10 4.14650187743e-19 7.80250607267e-05 0.663970419963 
0.173821911505 9.2136066211e-13 1.4755211254e-12 4.42779780919e-12 6.43954812836e-12 2.31471728014e-08 1.84713061284e-07 0.0100408055694 0.165310839388 6.8267709353e-10 0.0022664584107 3.85598301831e-11 0.000281520325895 7.14113810314e-31 6.84991817146e-12 0.358016925883 0.00409505697269 0.00628048951849 0.279879523592 6.2602329901e-06 
0.0669558021925 3.43497515327e-07 4.03718241161e-07 3.78994106846e-22 1.33357374339e-08 6.06529587855e-20 0.00286023818356 0.286961007554 0.00161476828566 2.37480514845e-10 1.2013134612e-16 1.794248477e-11 0.000470526438361 4.01662529829e-06 0.641072421601 4.57583560593e-25 3.16385956447e-05 2.88196440277e-05 1.87912283756e-24 7.36610541857e-11 
2.59386859642e-26 7.46935776949e-13 0.000106055395585 0.859249699447 1.63731408055e-05 4.8886635899e-07 1.15130064348e-39 0.0155219010457 5.95162288963e-05 0.000279952329068 6.71017960456e-09 0.000280050181018 0.00539624403134 0.0850431314629 0.00063655494588 1.67470058812e-10 0.00665834734606 2.12754769882e-10 0.0225162083363 0.00423547015178 
2.03100198887e-12 5.50675020942e-25 0.0010073809335 8.9756508272e-27 4.5646812169e-09 3.1347374292e-07 0.00211617549115 0.631195895707 2.27479769422e-09 8.34483672606e-07 2.95212048035e-07 2.78350512302e-08 6.90260445668e-21 3.19955981615e-48 0.00665907442149 0.163625311622 4.43432858904e-09 0.00237942902675 0.192393799359 0.000621451158673 
1.17797193249e-11 2.66416194739e-06 1.2529065007e-18 1.12328005855e-11 0.00578944128958 1.03964759748e-08 0.459317332627 1.79767268837e-18 5.16285416593e-05 1.5298789065e-05 0.148710161396 0.341556847395 0.00264182413566 0.000146029902071 3.33239755432e-06 2.41557795881e-18 0.025750210553 3.00660030541e-12 0.0159164329842 9.87854049342e-05 
0.000229363833536 3.44283859069e-06 0.601521451014 3.99086554261e-05 6.02652256463e-13 3.89465395124e-08 7.80701963124e-10 0.00013809203803 4.46504548812e-11 8.68127792578e-08 0.0683172953942 0.067875742965 2.44792971298e-05 5.58265214862e-07 1.31637892287e-24 0.050685404739 0.0328373124459 0.0320207533507 0.00186060120774 0.14444546737 
5.96244175326e-07 0.00277268859803 3.97212188556e-87 0.0247679172264 1.37698452677e-11 1.45485860046e-10 7.34512118296e-14 8.87150774263e-05 4.47420225591e-09 2.17453592509e-05 2.50085021598e-16 5.11254450447e-30 3.56762696186e-05 4.52850006842e-13 3.83812186088e-12 0.435861003 8.46959508714e-10 0.00620772319185 0.530243929549 4.15042165405e-19 
0.0207998772608 0.326629559414 8.29108388742e-06 8.74308767706e-11 7.36688030452e-17 0.644514119961 2.93385049381e-05 1.79034197194e-16 0.00774476708091 6.2702571565e-11 1.15637658191e-07 1.22607320705e-26 3.82987845624e-07 1.57927276402e-07 1.91371327106e-09 4.43194619265e-06 3.53646944041e-08 1.37298524375e-11 0.000189388808123 7.95319453961e-05 
0.0113081824835 1.29714747986e-06 8.40653859591e-10 7.24287767597e-05 0.0074859190816 0.0477110131414 4.1335379087e-20 2.97645190602e-06 2.95067983462e-13 4.52913774401e-11 0.163434826808 1.46731476446e-06 1.73787396727e-05 1.87023072905e-16 6.389347029e-20 0.000176398493488 2.03836237901e-05 0.491276212727 2.00679618633e-09 0.278491512317 
0.00077927092154 2.00965808964e-08 1.74400730409e-05 0.132706857371 2.04280620668e-07 0.000181342293644 4.91971675949e-29 0.00236312660906 1.78883721925e-17 0.000275099513862 4.54182085399e-15 2.46413724244e-10 0.741661808098 0.00254638684401 2.50765953627e-10 5.6678107382e-14 0.00203075851725 0.117435154755 1.35219858896e-07 2.39490900752e-06 
2.21754930828e-10 6.69400496663e-19 3.77035799979e-13 1.31414498941e-07 1.63529921345e-05 0.0113873808718 0.000150346791167 1.33640178911e-16 1.71561063003e-22 0.000539218087491 1.95547546546e-07 2.79814443896e-09 1.26181416261e-09 6.63057148557e-43 1.80637767238e-12 0.00159547768167 0.0132856961667 0.308689006611 2.36909595595e-05 0.664312498593 
3.37351982859e-11 0.184987253493 3.02076878616e-08 0.000446380692189 2.67488334977e-09 0.110094789244 0.0404272316592 2.47104829877e-17 0.000124585537265 9.78818236877e-08 8.4626553957e-22 0.335104373858 0.106647206679 0.000153448298294 1.28380077185e-06 0.0188931527454 0.0998788788224 0.086624770104 0.00889995317644 0.00771656109184 
0.0244527255402 0.0271293677688 8.10977161175e-05 1.43916865258e-13 0.834608942611 2.60639647428e-05 0.0104760903814 0.00317671763861 1.47537143165e-16 8.85880955436e-06 1.23284791937e-12 6.70576765035e-07 0.00923457140126 1.08568748664e-27 3.47383083387e-05 0.0868233260101 0.00015239122984 0.0037608694433 3.35670615466e-05 1.53666861923e-09 
1.47118456466e-12 2.49672703768e-08 1.42113757087e-35 1.82582976861e-15 7.52605564299e-25 1.10237183909e-05 0.882129324125 3.03495097897e-24 0.00328635407728 7.08051220783e-35 0.0683574271501 3.43441294257e-06 3.90577215371e-07 1.03395344782e-18 7.82437620673e-16 5.15111012844e-07 0.0461408337905 2.9531742691e-09 1.1218241477e-06 6.9547291097e-05 
0.00106105254003 5.75927659419e-05 0.046475160605 3.68365347682e-14 2.96421175248e-07 0.000101451203901 4.55535785266e-15 2.44179211047e-15 0.0913861538198 2.26919633729e-07 1.9756398638e-05 1.36540829926e-10 7.65778387624e-14 1.90772641162e-14 0.389553377195 7.326533893e-05 1.2440163625e-13 1.47311334644e-06 0.471256502883 1.36906590052e-05 
2.79712117673e-12 0.00115697139902 1.43975948312e-08 0.00584000160166 6.59307461319e-12 9.99966862571e-10 2.1194723855e-10 5.50739953855e-13 0.0436520912415 0.0631021539338 0.000206953137385 2.21005756065e-06 0.661631840596 2.5929407324e-10 0.00010636992704 0.00593414233374 0.000147070653786 0.182906241808 0.00240647918021 0.0329074582518 
1.36865324181e-27 1.10973858692e-09 0.0455157098205 2.85575325686e-06 0.00161061689949 0.0109619518795 1.12128353181e-05 8.59536748245e-12 3.21693626825e-07 1.42306867165e-05 0.000892639695719 3.99900250885e-06 0.00240284905211 0.00404291663945 6.93937210105e-09 2.32842043142e-21 0.522886484284 0.400063064218 0.0115906045957 5.34886110265e-07 
0.0574403004891 1.35977149186e-08 2.4343873416e-12 1.23614590642e-05 0.000827036499046 1.97950321109e-12 0.0825684447225 2.26676170342e-06 0.00103170076453 1.86342183383e-06 0.821717785503 0.00380905601723 0.000396084166828 1.47930556153e-05 6.55319826835e-09 0.018860438278 0.0133174800093 1.43268685673e-17 9.67491751796e-11 3.68599943134e-07 
0.000495528537305 0.00869850437139 8.18279957795e-07 0.00133566014875 0.00188503255178 7.13760766464e-12 2.01314224264e-05 2.3338743163e-10 0.00253465494528 9.88133631096e-09 5.01390066041e-20 2.54016788523e-34 0.809399413584 3.37222504478e-49 0.0482727156912 0.0899052957548 0.00640613435914 0.013933484815 0.000545228542773 0.016567386874 
1.77599400568e-14 5.92612420732e-19 0.00225381277187 1.2515957033e-05 1.04977021455e-06 7.86768457738e-13 3.72971743495e-14 0.215635288839 1.37676901519e-26 4.3741221134e-11 5.60520235557e-06 9.7568292183e-07 3.08162536451e-11 1.96955378666e-12 0.000474548249419 0.469409490658 0.000862170853738 6.24673566937e-05 0.3112755927 6.4818805228e-06 
6.58912723665e-13 7.02616694655e-11 2.04841608321e-06 8.28569708926e-08 1.35521197417e-09 0.000369757562879 0.00018344563074 0.0573112810334 3.68228058728e-08 0.491625493549 1.04188400403e-14 5.25033089682e-06 0.00838238285794 1.22327246421e-07 3.59046470404e-05 1.08606918648e-25 0.361119850723 0.0752607823629 0.00570320279392 3.5665895227e-07 
7.91568221779e-08 0.00953044030768 2.6976277503e-08 4.11277967571e-09 9.05043656337e-06 0.014771727283 0.003066904626 6.18182557399e-08 8.8209576242e-16 0.000197920937433 2.71403579254e-09 0.0141592577582 0.00024255407889 4.49082098425e-06 4.02946410505e-13 3.61037532967e-15 0.103366100476 1.94476859604e-15 0.854651378288 2.08618972948e-10 
1.70580053921e-10 0.0270400399295 3.50218060556e-10 2.9388464079e-27 4.10216714594e-05 0.0013630287894 5.25209875827e-05 0.000167459383835 0.000133407865826 5.06259328419e-09 0.0463096465711 0.00199183503255 0.300310684659 1.51218631352e-11 0.000840300451518 2.3450639052e-29 0.0179848931976 0.60006373863 0.00191147474362 0.00178994248874 
1.35088368476e-07 0.00942350798102 1.86691869708e-17 0.00708470094959 0.000488928620519 4.38025457649e-17 0.00019886283557 9.25755676619e-24 6.29936149886e-06 0.780153311749 4.2948326605e-07 0.18062289674 0.000816714192558 7.87688685306e-17 1.23732631812e-18 0.00321792842407 0.017920051668 2.34160614037e-11 2.01061749877e-06 6.42222656568e-05 
4.07505785618e-07 0.00292336177504 1.27708355218e-05 0.780643398954 1.33135269502e-05 1.78660528333e-10 2.98240847934e-08 0.00213620178017 7.52325037572e-08 5.60194595988e-11 0.000107362869638 0.0111723498841 0.00376291864041 3.66100710511e-24 3.33227649116e-05 1.13171793764e-09 0.182853832689 0.00279559285757 4.84565903267e-06 0.0135402138351 
0.000969332451388 0.946590486955 0.000698487694943 3.65235681906e-07 5.19745142387e-26 5.00981896793e-06 8.18716008389e-14 9.84201900312e-05 3.8145276338e-07 5.7347279786e-17 4.17424905228e-12 0.0501430689024 1.104121025e-14 6.62061413752e-25 0.000602159637785 8.46870689703e-15 1.10695578732e-07 4.89152616785e-12 5.50612156082e-06 0.000886670835063 
0.0150973241778 0.0904266604422 1.79438808171e-30 0.0146086397355 0.694490449385 0.000589132910961 3.25156926535e-19 0.000139167884632 0.0325048116212 1.65474474473e-09 0.000691722966394 0.115494787316 2.3893634964e-05 5.22450346688e-08 8.91108484691e-16 1.84801010362e-18 1.70880002088e-07 1.67237972154e-06 0.0359315126885 7.68490447165e-11 
2.05562367661e-07 2.55718923946e-25 2.1445816264e-19 2.90481793171e-08 0.0342161335766 0.000407625660537 4.89934600607e-10 3.34950628456e-10 0.730677887796 0.103825072781 8.14899776328e-18 1.02178811472e-11 0.129401522523 1.80393305006e-17 2.57565652862e-05 1.13694784991e-17 0.00117386874187 2.14349781844e-08 2.43982567872e-05 0.000247477218354 
3.89049704319e-06 0.556327543445 0.0025603023856 8.75306875965e-10 5.19269784149e-10 1.77058784213e-07 0.0691590009116 0.0871861665626 1.36119169043e-07 0.018230492401 0.00976031544004 9.75320522841e-09 3.42456280824e-11 1.85082496379e-20 1.93914016009e-09 1.39930617093e-21 0.00703575708113 0.0098528905461 0.212900682936 0.0269826314953 
3.11609721294e-05 0.00183916831243 0.000688913952291 0.342908784854 2.84168402713e-18 0.0340094370795 0.097171487919 3.18068919317e-10 1.0340326498e-10 5.80127068926e-21 1.99998517547e-06 0.0619029180188 2.3228263208e-26 1.21800861667e-12 9.47698759532e-06 1.9292881464e-07 0.000826613767297 0.202207316595 2.49395428044e-06 0.258400034251 
4.08217130793e-05 0.113796283314 0.177736663785 9.22497702906e-12 0.000406542266567 0.554763994735 0.00161864604735 2.14318199464e-14 6.93659080804e-06 4.29759807899e-07 2.63611301642e-06 1.29413102505e-12 0.0128335436836 1.09883918417e-08 0.0163354184578 2.13733223504e-08 0.0233496586038 4.26633399837e-11 0.0027392550247 0.0963691374904 
0.000236221837913 0.000144171525248 4.9243351003e-05 2.33380877818e-10 0.00972580600067 0.000184259724429 1.36407896331e-18 0.00442253033527 1.43683830724e-12 3.89666701093e-08 1.23920034423e-21 4.01926348977e-07 1.11694777037e-13 1.68230067276e-10 1.93693766873e-34 0.976923280537 6.50953749947e-05 1.61254236047e-05 1.07042126099e-11 0.00823282458332 
0.0329200370441 4.94779974998e-05 0.0178309516152 0.000881310759559 7.32218923214e-14 0.00567590811133 6.00308996692e-12 2.00245512739e-23 0.0970947154081 0.0249261352873 1.7059573694e-05 1.59168220013e-17 5.53543865794e-07 0.0639855015013 8.18414398963e-18 0.00197857909744 0.312957911704 1.12091330151e-12 0.441681837355 2.09944816198e-08 
0.0251395174226 5.87264242474e-14 5.13668054003e-12 9.74123548899e-08 0.000578544096344 1.83482609744e-05 4.41552849864e-15 4.42638588312e-15 0.0204328176785 1.98064236089e-05 1.27481881432e-25 6.0900823714e-19 5.22321637034e-11 1.33473411574e-10 0.202883701229 8.0526481208e-16 8.80218272091e-05 0.749682652581 2.3810479497e-05 0.00113268239826 
0.00166756270629 0.102583435776 3.03064840022e-09 9.76311486513e-07 0.561001625695 2.5388690213e-07 0.0277712186678 2.72024330628e-13 0.000954839268944 0.21318746857 1.54965343695e-14 0.0456668973919 5.94476248971e-08 0.000756071944008 9.4076672393e-06 6.89121164705e-08 5.63237739662e-10 0.00314719497821 0.043223964746 2.89504360789e-05 
0.000115744139755 3.42476724719e-05 5.10710879536e-08 9.21704087653e-11 2.60218740079e-08 0.0161529282282 1.01900770761e-06 1.7591158808e-05 0.00424970384332 0.000228331529969 4.41790971151e-08 3.59241809382e-06 0.128954902017 9.56078309693e-13 1.09078765992e-05 0.000206951014743 1.19300473997e-06 0.0231140555002 6.42092405347e-06 0.826902290299 
1.58379762489e-30 0.000144514928053 1.89236106042e-05 0.786881398745 0.000130048420325 2.32125808141e-12 2.04871931962e-17 5.69068157037e-07 1.62920081967e-19 3.80813529574e-05 9.62500558383e-06 1.62816486483e-05 3.06790389726e-05 0.0250124481988 9.24619125784e-05 1.57185141241e-11 0.0824031192328 0.00483058842241 0.000803296732678 0.0995879636649 
8.66204522828e-07 2.30095736659e-06 3.17252023568e-08 0.0115818514204 3.29327558056e-05 9.77906142435e-17 2.56710206921e-13 5.68999220701e-10 7.54679397944e-07 9.39640865885e-23 0.000732057330305 2.89910853877e-13 7.03827050189e-10 6.61136680492e-09 1.55238717788e-08 0.0016575729691 0.000183291204371 0.0686436439173 5.99908860065e-08 0.917164613437 
8.40063739513e-10 0.000240892095511 6.28526658713e-08 0.000267819646616 5.28365835205e-15 0.000113902158435 2.55499424411e-11 1.12122873259e-12 1.45087766994e-13 2.12459749684e-08 0.232048594394 0.000969498727479 0.00434953761769 1.69735001951e-40 4.60014530621e-06 1.37460421873e-15 1.56381908296e-08 0.761692074799 4.49598494514e-11 0.000312979767969 
2.82786885367e-05 0.0545387523186 0.063074536298 0.0932052015148 1.98573011593e-10 3.30438887921e-10 1.66741164546e-15 9.13497387648e-12 6.60929192413e-16 2.48475290597e-29 2.27989293343e-13 0.00123036570523 0.00527814842686 3.82358713615e-07 1.63867392816e-15 6.00623017495e-14 0.11972377312 0.490963792576 0.171956768454 2.50111308229e-19 
0.0133404696981 1.85623069174e-22 2.98001304773e-15 0.000226638901358 0.00114695841369 3.63367587194e-14 4.15716817234e-12 0.122833473092 0.00958821745303 1.22367768672e-32 2.53346823519e-17 2.40271773101e-12 1.97723121532e-09 4.78973952773e-17 7.95117783351e-05 0.000494934628032 0.353819243584 0.000167003391872 2.87492822662e-07 0.498303259583 
0.0075380293029 1.26928798301e-07 1.41673393046e-10 7.9711016597e-05 0.00461863416089 1.87997406675e-26 0.805871128806 1.12741612282e-27 1.13833108676e-06 2.18633992893e-11 2.36068564117e-12 0.0696116972249 0.0013451770317 0.108534023308 0.000888927883367 3.56272323113e-35 0.000728893836962 0.000780694041278 1.94349628072e-07 1.62361197811e-06 
8.45836296179e-23 1.86652153772e-09 4.26195190831e-16 0.0001251626807 0.00247760964774 0.0400615429002 0.020716250692 0.42090382996 4.07429934026e-09 1.65992172523e-37 0.437872232784 0.0634650542436 3.14985786532e-35 0.000838604714308 5.17814953749e-06 4.05172920018e-06 0.00837980367491 2.53003401321e-09 0.00291949075446 0.00223117959834 
7.65320725277e-24 2.98237219818e-09 9.48801276456e-07 0.0258641344213 0.00396521136408 0.0610823732656 1.51013113778e-05 4.20168688914e-29 1.08791139606e-18 5.01768980032e-23 0.000137738018627 5.87946603899e-07 4.50422900919e-05 2.73044681251e-14 2.41984751944e-14 0.905410392405 3.87759664173e-07 6.13824691493e-09 3.07906984955e-08 0.00347804250498 
1.46509330869e-06 1.78331623849e-12 3.85135274809e-13 0.104037763839 3.24325693132e-24 1.64315015251e-14 0.0700409724472 3.47643339399e-05 0.743983416317 4.71599113987e-07 7.07424830521e-07 0.0056581401717 2.1308246906e-07 0.022057467217 3.49747362341e-12 1.51294176154e-08 3.82244569544e-06 0.0122477051658 0.0373989568729 0.00453411885523 
0.00683679637814 0.0129902286804 6.66939509899e-23 0.00108071047668 0.000264528524565 0.0586285586636 0.0184421261774 0.000130535830643 7.8834839914e-10 1.04368903651e-05 0.000110189397364 0.000830306586078 2.57523753339e-07 6.80316455617e-06 0.354536721353 1.70502951545e-05 0.00650746209549 0.026970698844 0.00495378174019 0.50768280659 
3.30618091851e-07 0.00183286421562 3.38821624062e-10 1.53117905844e-10 0.00264394215104 4.01208906028e-13 0.213147102477 0.178457887657 3.1199347993e-08 1.13261194808e-05 0.0225141582148 6.60246756692e-07 9.23481024919e-17 0.000709510308222 2.12113531732e-14 3.1874190098e-05 0.0240678681759 0.492756271672 1.02376105871e-07 0.0638260698858 
5.11047244893e-09 6.21564524704e-05 0.0349850453455 0.000951430209499 9.57790790357e-09 2.01614336358e-08 5.02296521246e-06 2.61393667817e-10 3.05555853285e-25 0.0344235250766 5.56259707897e-09 0.438352475834 7.11769284164e-06 0.344415696606 3.8123177565e-08 0.0835077161442 3.86765440596e-05 0.0631871253718 6.39329605804e-05 1.94786120847e-17 
1.65524602858e-09 0.00324479130607 0.0232645581693 7.59649142186e-05 0.140399477532 3.34732213026e-15 0.0602747804506 0.106196852137 0.0509106454695 2.51356584835e-18 4.77366003775e-11 6.31879956005e-19 1.91324954819e-08 0.604789929715 2.00658177388e-12 2.21953238522e-08 0.00351730497218 4.84588876539e-07 4.62895835844e-08 0.00732512142291 
0.0171155117735 9.29675423208e-13 0.000123824416142 3.82807733412e-11 2.9269017999e-22 2.1806391111e-05 4.41280705254e-07 1.88788919542e-08 2.88765826241e-13 3.88014714438e-05 9.3440565859e-18 1.54640652233e-05 0.00089707978513 0.0012266094565 5.79022354803e-15 0.00530221366741 3.28004303966e-07 0.545577267159 0.315719151466 0.113961482146 
0.154133863046 0.234643809343 1.31301887219e-14 0.0540334447942 0.00912173364016 0.00152333965585 2.17677018983e-06 0.436942789909 9.15413188921e-10 0.00877359710938 0.03564876984 5.33905761034e-10 0.00804550224394 3.66206448539e-07 8.0920962395e-07 6.76457493772e-26 2.09412292657e-11 0.0571297941559 5.55979294716e-11 2.55044954151e-09 
0.067965113038 0.0851151773648 0.00721009700947 1.44020604512e-10 7.17715073531e-35 6.75117648954e-05 0.1163129988 0.0064813229822 1.36119040399e-13 9.0722405262e-06 3.93337061343e-10 0.167757280992 0.0070657136253 9.4441730843e-07 0.113774064975 0.0116155691722 0.101219535194 0.0376027227785 0.277802875101 7.79060183655e-12 
0.00239430939605 0.062042843992 0.000313053925067 1.99909593658e-10 6.32843646716e-06 0.00144554262597 1.3184126586e-16 2.54535860491e-16 9.11781782888e-09 5.02288624161e-18 1.139407167e-14 0.335630967178 8.17771271869e-10 0.105261377378 0.000367785987711 0.0168060788789 0.382246318502 0.00328765543999 0.0901977281249 1.28156967461e-15 
1.7363812504e-09 0.00290775741426 3.21147294747e-08 8.79125511609e-09 0.0245728863136 3.13635947656e-07 1.90033465258e-07 0.0690071183301 0.0213281751832 4.89132017523e-19 3.25085556569e-21 0.0100852076732 1.6615654598e-05 0.000152248649154 0.409492846321 0.378343392971 0.00036757569025 9.966894049e-05 0.00589687996987 0.0777290805781 
0.00078861944019 0.595099098543 2.12439487829e-09 1.23748904397e-11 0.321786052563 4.83617005418e-08 3.41466319567e-08 1.04470278243e-07 8.57718289835e-05 2.57830954706e-08 1.7557813405e-18 7.5777428361e-13 4.83217454386e-05 2.79141813329e-05 0.0821095782034 1.88971593808e-07 1.74957855629e-05 4.05375340846e-07 2.964428649e-05 6.69417672984e-06 
0.0107763706267 5.50208609833e-07 1.56131408001e-05 8.09201569187e-08 8.20063890405e-12 2.17255463872e-08 4.79166594634e-10 0.295724866322 8.41305866833e-05 4.6598968864e-10 0.00884288862348 1.67560163318e-18 0.000710822001943 0.00711061446548 1.97562880109e-07 0.0614914835616 6.81657222103e-05 0.0208946470574 0.594279546521 7.12852782784e-26 
0.000488988268721 1.040557828e-32 3.00942529761e-17 0.000710857090189 3.07128276114e-16 8.73330840113e-26 0.550083878957 0.000375659776447 0.0275071815166 2.73983182331e-16 0.00483828219406 2.68143307409e-07 0.00339548513358 0.00167950639024 6.61760433651e-07 1.19854498974e-06 0.0144862447725 0.394800916529 8.22055413119e-10 0.00163087010095 
0.00131031261659 0.0243546296023 1.97608008171e-23 3.67744011503e-11 0.0997360992494 0.00010083651463 2.89990007404e-17 0.0679887423241 0.596020083141 0.0367930161497 8.62253661843e-12 1.32121134715e-35 0.000669723364978 2.49788897015e-06 3.68422449729e-08 0.00891591024021 1.9672464752e-12 5.69010133685e-24 0.00139547494963 0.162712637069 
0.0810635095176 0.0486304971003 0.000146498755213 2.96122340159e-06 0.264795816041 7.15594327678e-25 1.44769903098e-05 1.87832443339e-12 0.107806264865 1.06317385171e-15 1.81984236413e-12 5.88894055415e-05 4.02585178811e-08 0.00606701896503 4.03124799674e-06 3.03123325739e-101 0.0014026525063 5.02705701532e-11 2.01056313881e-06 0.490005332506 
3.05181774841e-10 1.05258000035e-13 0.0038120824965 8.3594009574e-18 4.83815465932e-13 2.99313858259e-05 1.39468136955e-22 5.23778747072e-15 5.86812658716e-16 1.57654795063e-06 1.15380253626e-15 0.122899787579 0.00142444776061 2.16999538361e-21 3.94408179278e-09 0.867699024454 6.50720236119e-16 0.0040918023994 2.83237748947e-13 4.13431258541e-05 
2.10492214955e-23 0.123637264183 0.000322802253656 0.000891712399175 1.02966845273e-15 6.15983072697e-19 1.79537486533e-11 0.2253042287 1.9943084578e-14 8.28063824396e-14 0.00682044299139 0.0163112905854 2.01235893797e-12 0.0176407036227 1.07252286028e-08 5.85435917449e-21 0.548602086141 0.000532106196387 0.050661718783 0.00927563339921 
4.29235214056e-13 3.10216764251e-12 1.20932800021e-07 0.0534372652217 2.43490037758e-06 9.41835991385e-09 3.8076169176e-10 0.00529596339051 0.000549085260812 0.00128606329804 1.30618501573e-06 3.3850654146e-09 0.000583589445057 0.0315015567116 0.739901876969 0.000430560840581 0.116055337809 6.50005355625e-05 0.0508898253127 6.26638334294e-18 
0.0160952891902 0.00140955249806 0.000451529659396 2.34836527006e-07 8.79976599061e-18 1.445243632e-09 3.79390182802e-10 7.27859351017e-10 0.101715106197 4.24860577611e-14 4.85388374998e-05 0.000113974577746 9.02639538678e-06 8.04969220381e-18 5.71287636615e-17 0.00207077827616 0.1043303315 2.81260866736e-09 0.773755632668 5.97161992753e-20 
1.9636770018e-11 0.0680815613516 0.0668995788424 4.83122042906e-24 0.0794610325254 7.91025105347e-11 0.000211344105095 5.22289442284e-09 4.36479772583e-10 2.82325388327e-07 0.368286662182 1.41197942366e-05 2.10064057953e-05 5.53932193574e-34 1.56983213976e-15 2.10646940952e-16 0.00812150255077 2.4446954182e-09 5.32159743497e-05 0.40884968574 
2.43121709729e-10 3.23962451348e-05 2.71274856978e-07 2.83267846776e-09 1.49571843421e-15 6.28390642276e-06 8.7336486566e-15 0.665137551219 0.0311813671158 1.78133183052e-15 0.299822344109 2.69207905069e-08 5.62478543044e-05 3.70673427905e-09 5.80303183028e-12 1.70129220878e-19 2.38250432879e-07 0.000149960534132 8.03279725012e-07 0.00361250250137 
2.28333164715e-28 0.00122911112398 6.33640701746e-19 0.0431436528897 0.000583889064846 0.00181336478313 0.159744749433 1.20206842645e-11 0.294815601933 3.78570525917e-09 0.438869665753 8.86966426233e-07 0.0300131766805 2.67775997028e-05 1.06326151845e-08 4.98568049403e-12 1.2267191227e-11 0.0297484893523 3.39820990281e-07 1.02801524054e-05 
8.11899044808e-18 0.000412811266382 8.22789115546e-07 1.05487647273e-08 3.38497985075e-11 2.22319421657e-32 4.23215701806e-07 1.54878830909e-19 0.0671844570222 0.00148825444286 0.00683331824521 0.00354902467902 0.00128487459577 1.12931586847e-12 0.136875648599 2.03729690675e-20 6.77790691611e-11 2.97208572367e-13 0.782370354023 4.70526970572e-10 
2.1299922565e-20 7.20415986023e-06 1.0568790159e-05 0.105330143187 4.30777211883e-14 1.97735030759e-18 0.00198803365502 1.97988452269e-12 7.64777231484e-07 0.00678287465531 7.50864613076e-14 0.063992098131 0.00162724558196 0.657143601352 2.93483425567e-21 0.0576635074992 0.105419971964 3.45848435211e-20 3.39862445681e-05 8.18064057693e-15 
1.80230553174e-17 0.831612031952 2.34483516485e-06 2.90453066714e-13 1.82351549633e-11 9.57598794429e-29 0.0013093311193 0.157457634696 3.68299111475e-20 9.93820847624e-15 0.00699486349873 3.95643430423e-06 5.21051691381e-10 0.00237545014385 7.19355052745e-15 0.000224240432819 1.99188159882e-05 1.14384004012e-08 7.908240381e-12 2.16086120955e-07 
0.00018726690344 6.68444447127e-07 6.9074360115e-08 1.24330300918e-15 3.72339473164e-18 0.000271165728159 3.52179405626e-05 1.08831244447e-33 1.20722956898e-11 2.26297833426e-05 6.48472546786e-06 0.0153379117465 0.819138852735 0.0819152624644 1.65919711559e-10 6.4913656665e-06 0.0048450711661 4.64912579571e-06 1.28851246426e-09 0.0782282573307 
2.51820923137e-09 0.235409934264 2.40802495997e-17 0.129533528148 0.0641545255931 1.66255029767e-26 1.41601341994e-23 0.0815134285426 1.89349309688e-05 9.05323226841e-13 0.00140286488674 0.40145678008 1.27621907169e-05 0.0458429882156 3.06683649083e-06 0.0261145780654 0.0114590159229 3.83341508613e-15 0.000790752159831 0.00228683764463 
